missing_type	missing_rows_proportion	model	evaluation_metric	drop	drop_lower	drop_upper	mean	mean_lower	mean_upper	median	median_lower	median_upper	random	random_lower	random_upper	regression	regression_lower	regression_upper	stochastic	stochastic_lower	stochastic_upper	missing_cells_proportion
MAR	0.05	lin	ev	0.999999999998573	0.9999999999985705	0.9999999999985932	0.9882136368912043	0.9882397856566673	0.9884915702444937	0.9882660673281407	0.9882476316766307	0.9885518987253697	0.9826902581227225	0.9825158795156157	0.9831473178103924	0.9913896959700436	0.9910283202406662	0.991290985041034	0.9913896959843822	0.991028320238719	0.9912909850707847	0.0248
MAR	0.05	lin	mae	0.07835193735562228	0.0780627839210882	0.0786645273476324	2397.2421084776815	2287.8835554766774	2547.003728135171	2389.230694313167	2276.679583500926	2541.844190575796	2686.451924444345	2602.001271568181	2716.962598945699	2248.2550003478727	2159.0829118646557	2282.0631130944194	2248.254998049248	2159.0829138435492	2282.063104883899	0.0248
MAR	0.05	lin	mse	0.009642769628100487	0.009572532823800639	0.00970930488414247	79756798.83376247	78102500.08393098	80367624.03394198	79402705.72511008	77803173.87154277	80314005.45487763	117147795.6158634	112051957.22925335	117716333.29999681	58296239.51151031	59383365.519458465	60990927.61627626	58296239.41615073	59383365.316599555	60990927.62951377	0.0248
MAR	0.05	lin	rmse	0.09819620095778736	0.09783932146024235	0.09853580508699601	8929.211548730204	8837.561885720008	8964.799163056694	8909.397967041386	8820.61074254741	8961.808157669837	10819.096327464871	10585.459707979307	10849.71581655468	7627.922926836381	7706.060311174476	7809.668854457035	7627.922919982739	7706.060298012179	7809.668855304543	0.0248
MAR	0.07631578947368421	lin	ev	0.9999999999985807	0.9999999999985821	0.9999999999985895	0.9821026592726682	0.981415720036794	0.9822313388354118	0.9821749130218878	0.9814943180394559	0.9823304481257633	0.9766920702878279	0.9754200253249216	0.9769412091780771	0.9853504970778098	0.9846209531660123	0.9849465123951641	0.9853504970786139	0.9846209531840383	0.984946512394466	0.03780000000000001
MAR	0.07631578947368421	lin	mae	0.07823621395622452	0.07782848301888735	0.07852949208247924	3462.550808683074	3357.233274646661	3560.3658980614073	3450.572819957238	3331.9240473086256	3537.0229521274505	3782.292259457995	3576.462235518279	3993.974112689378	3190.158358442288	3162.8972967379623	3250.1234954061792	3190.1583609480267	3162.8972944397715	3250.123496840675	0.03780000000000001
MAR	0.07631578947368421	lin	mse	0.009626911975180804	0.009547699291775673	0.009680716571215883	121072018.30797121	121157548.3220224	125104417.16534363	120586227.01740971	120481760.8485769	124575316.36978783	157707870.81433454	153284817.3991632	165471233.6488436	99092418.20026052	102139376.8837876	103527642.4232605	99092418.19495466	102139376.91625881	103527642.30191468	0.03780000000000001
MAR	0.07631578947368421	lin	rmse	0.09811613338904969	0.09771232927208148	0.09839063253793973	10995.920587613484	11007.158957788444	11185.00859031157	10973.88005589158	10976.418398028425	11161.331299168027	12551.976156905292	12380.82458478284	12863.562245693982	9943.788340711355	10106.402766750769	10174.853434976865	9943.788340440049	10106.402768357237	10174.85342901384	0.03780000000000001
MAR	0.10263157894736842	lin	ev	0.9999999999985796	0.9999999999985737	0.999999999998594	0.9765392852238538	0.9748660689237547	0.9785091504788728	0.9766466902614104	0.9750051358603613	0.9785695833155571	0.9698328081178399	0.9668054062322957	0.971121148054712	0.9808342565668641	0.9794440673016783	0.9821425670406041	0.9808342565288601	0.9794440672993573	0.9821425670421131	0.0498
MAR	0.10263157894736842	lin	mae	0.07833061717337639	0.07796257419170345	0.07846158639981322	4554.448535481738	4362.172061786697	4718.332113668248	4545.419383910123	4354.330750333471	4715.2635544076	4877.901015795505	4732.036018251996	5037.8556448963545	4085.102078517512	3887.7130535802467	4380.19211644545	4085.102081341759	3887.71305678009	4380.192125426385	0.0498
MAR	0.10263157894736842	lin	mse	0.00962725005733948	0.009529222728658913	0.009690294501653377	158657225.5410269	146865394.1212523	169194921.97668913	157931910.6345912	146452404.75250846	168258760.4420169	204068413.36467183	194647397.62433016	225662238.18313476	129513891.05598211	122035144.63200969	138377057.6317732	129513891.30881469	122035144.62169738	138377057.647398	0.0498
MAR	0.10263157894736842	lin	rmse	0.09811760836675709	0.097617737776794	0.09843929348412339	12582.374418708147	12118.803328763624	13007.494838618584	12553.491818160863	12101.7521356417	12971.459456900635	14269.28508035616	13951.609141039256	15022.058387023224	11358.567699287873	11046.951825368376	11763.377815566973	11358.567709642757	11046.951824901627	11763.377816231101	0.0498
MAR	0.12894736842105264	lin	ev	0.9999999999985864	0.9999999999985925	0.9999999999985966	0.9679267806863449	0.9676390107567935	0.9682832261586856	0.9680836252182365	0.9678761227219832	0.9684078336118671	0.9614044354176698	0.9602210799455334	0.9626745246513769	0.9741024355087538	0.9737822453782371	0.9743131379059208	0.9741024354996183	0.9737822453161413	0.9743131379252115	0.064
MAR	0.12894736842105264	lin	mae	0.07794050604888529	0.07751208731934404	0.07816184264179428	5826.642916547954	5771.3873343646355	5868.700499373645	5809.439226131608	5752.668750539497	5859.201934932657	6148.791210597269	6113.54253551871	6222.917805368424	5065.513975420258	4877.118234807258	5197.344572338895	5065.51397674	4877.118236916628	5197.344575377437	0.064
MAR	0.12894736842105264	lin	mse	0.0095535061740663	0.009477361372194367	0.009558561246918763	217003550.57495195	211487899.02913916	217845550.4426714	215942319.72139922	210724124.72030672	216249375.91954094	261107090.81866035	253745130.04677117	270487616.26756704	175206843.45943183	174263982.40199584	174623436.0448894	175206843.5195111	174263982.4615687	174623435.91374785	0.064
MAR	0.12894736842105264	lin	rmse	0.09774087067785872	0.09735174046823389	0.09776789476570907	14728.941878640884	14542.623526349678	14759.591811519429	14692.984631239524	14516.339921629926	14705.419950465235	16156.853585940282	15929.379462074823	16446.507722539976	13236.075485921228	13200.908393061283	13214.516110886898	13236.075488201837	13200.908395317676	13214.516105924873	0.064
MAR	0.15526315789473683	lin	ev	0.9999999999985821	0.9999999999985618	0.9999999999986061	0.962045827348933	0.9610501156911471	0.9627675685837828	0.9622179032530228	0.9611890977239419	0.9631194648526655	0.9540904173731104	0.953281292312941	0.9538315114523224	0.9689094606628397	0.9675429129513841	0.9709853341763587	0.9689094606710865	0.9675429129989103	0.9709853341802269	0.0772
MAR	0.15526315789473683	lin	mae	0.07827447928014258	0.07806938944974015	0.0784787470814804	6860.6055945046155	6631.256449519932	7097.798587733142	6843.479645635583	6595.654252375105	7086.184541494017	7302.354329510657	7102.39010374234	7490.004438201549	5945.457481576509	5922.348661970518	5966.266303763915	5945.457480610104	5922.348654061804	5966.266302962822	0.0772
MAR	0.15526315789473683	lin	mse	0.009629469401451906	0.009545585370827663	0.009744117731605072	256860895.20399523	247480046.45011142	265584021.58581567	255704639.56772995	245141029.04898682	264636357.48224258	310622248.4698457	315517178.749919	317642518.8414797	210315751.92395267	197839653.98479292	215738835.87221485	210315751.86948428	197839653.9584172	215738835.55631307	0.0772
MAR	0.15526315789473683	lin	rmse	0.09812760276083685	0.09770151160973746	0.09871229777289693	16022.787996023524	15731.498544325375	16296.748804157707	15986.044777838655	15656.980202101133	16267.647570630566	17617.21444815831	17762.8032345663	17822.528407649676	14495.022803398266	14065.548477922677	14688.050785322566	14495.02280149899	14065.548476985077	14688.050774568866	0.0772
MAR	0.18157894736842106	lin	ev	0.9999999999985774	0.9999999999985667	0.9999999999985993	0.9547283026021877	0.9541800742347406	0.956355904205734	0.9549267243820394	0.954244919667267	0.9565623938812875	0.9464433671244796	0.9463010642706328	0.9468602131554069	0.9619914356433672	0.9616164135759795	0.9622322396667667	0.9619914356606994	0.9616164135631722	0.962232239747649	0.08879999999999999
MAR	0.18157894736842106	lin	mae	0.07833245643293493	0.07802860267701803	0.07873200288695494	7960.825414526911	7875.9766276875735	8149.73331366923	7939.748228473953	7874.387384522484	8126.01163804353	8318.250822504371	8217.430254480254	8366.600472766431	6796.834274565621	6726.464956543006	6964.386497273172	6796.834272261823	6726.464956244917	6964.386493957619	0.08879999999999999
MAR	0.18157894736842106	lin	mse	0.009640613425102204	0.009604007608967189	0.009682236362670047	306309968.5736055	294144798.72068876	313126824.0236779	304969810.55644304	292671110.7082459	312683679.6056047	362390962.2936653	356973922.96929413	364349130.8468785	257139642.13472468	251038321.32526556	262307943.77900654	257139642.0194408	251038320.78764924	262307943.86653015	0.08879999999999999
MAR	0.18157894736842106	lin	rmse	0.09818466667309986	0.09800003882125348	0.09839835548763022	17498.159976931976	17150.650096153462	17695.389908777877	17459.822433364625	17107.633112393014	17682.864010267247	19035.396770544918	18893.7535436793	19087.931549722158	16033.587794322451	15844.18888189817	16195.923677858158	16033.58779066688	15844.188864932445	16195.923680560185	0.08879999999999999
MAR	0.20789473684210524	lin	ev	0.9999999999985896	0.9999999999985943	0.9999999999986035	0.9486576913739795	0.9473942384263724	0.9501549291549068	0.9489198602129069	0.947563767705401	0.9504894336447173	0.9394366828924949	0.9361825030280913	0.9407596041361215	0.9588909266484192	0.9572713254941982	0.9595191981070096	0.9588909266562589	0.9572713255044035	0.9595191981169214	0.1018
MAR	0.20789473684210524	lin	mae	0.07799044176009161	0.07761464979942083	0.07832877169823117	9086.567766425278	8972.973192344773	9082.983439074535	9059.742306388456	8931.618429015323	9074.751413508959	9586.683283489734	9499.68305293542	9579.067936291118	7445.099946663157	7271.866644612489	7634.826041508825	7445.099945988606	7271.866645965578	7634.826039905941	0.1018
MAR	0.20789473684210524	lin	mse	0.009568192601594055	0.0094690321735064	0.009615132867063255	347359722.40420854	336706058.2684193	357622461.16712135	345592027.76211345	336598624.64169794	356469973.7552396	409835016.56472576	403947046.61729217	430991053.7873195	278249274.1607802	276022749.60584337	291100140.14483815	278249274.1075951	276022749.5382585	291100140.17128855	0.1018
MAR	0.20789473684210524	lin	rmse	0.09781532512869474	0.09730895217556502	0.09805678389108657	18634.27264583209	18349.5519909457	18910.90852304884	18586.94607686555	18346.624339144735	18880.412436047038	20237.4500175611	20098.433934446042	20760.324028957726	16673.171119729996	16613.932394404503	17061.657016387304	16673.171118165563	16613.932392370523	17061.657017162448	0.1018
MAR	0.23421052631578948	lin	ev	0.9999999999985828	0.9999999999985725	0.9999999999986049	0.9413579156667629	0.9402189828886414	0.944184711884659	0.9415130440584557	0.9401915163847573	0.9441069988645668	0.9315990025527408	0.9298770265288636	0.9339310096292931	0.952385668015028	0.9499346524195219	0.9548841692766484	0.95238566802298	0.9499346524380445	0.9548841692726308	0.11440000000000002
MAR	0.23421052631578948	lin	mae	0.07821848020166075	0.07794849508026497	0.07832806486751141	10297.882567515539	10060.013522680081	10588.39218983876	10287.280775165153	10068.368928801752	10597.222558542073	10734.282979461253	10535.256434228704	10961.476654387012	8204.612659058752	7853.913887392128	8502.189870997896	8204.612657442729	7853.913884746965	8502.189864981656	0.11440000000000002
MAR	0.23421052631578948	lin	mse	0.009609405528354122	0.009553951029958135	0.009641502048750692	396875131.82670414	379441340.8239109	407984155.94870824	395829117.19117105	379969646.4824305	408722629.10369945	462953675.0154538	449163121.88478005	472049770.3585152	322322061.2139412	299880170.5490332	342139429.9464971	322322061.1597792	299880170.57573867	342139429.8199154	0.11440000000000002
MAR	0.23421052631578948	lin	rmse	0.09802705174439581	0.09774431456590268	0.09819115056231235	19914.556569295793	19479.254113643852	20198.61767420504	19888.675172916533	19492.81012277169	20216.889699053598	21507.960939490626	21193.468849737175	21726.7063854261	17939.66664259583	17317.048551904947	18497.01137877406	17939.66664109828	17317.04855267602	18497.01137535238	0.11440000000000002
MAR	0.26052631578947366	lin	ev	0.9999999999985902	0.9999999999985819	0.9999999999986092	0.9353289511057614	0.9346398660740186	0.9351373636597506	0.9355715787487743	0.9349465681469774	0.9354950721008084	0.9244162767227809	0.9223051902941712	0.9252998970549942	0.9485334453627473	0.9487627810293716	0.9491776246334362	0.9485334453763953	0.9487627810373838	0.9491776246439797	0.1274
MAR	0.26052631578947366	lin	mae	0.07790000485666325	0.07772619948383323	0.07818088689825446	11346.83184377347	11190.827646989103	11408.775869065523	11322.3117503183	11148.978662024652	11372.416794702513	11856.209318628016	11770.029687254226	12116.216299617256	9009.956518830668	8983.677473608874	9045.838678176862	9009.956518635174	8983.677472997315	9045.838676120882	0.1274
MAR	0.26052631578947366	lin	mse	0.009553204082969552	0.009476591954727269	0.009618008248096069	437617104.1042946	431135105.70705813	445665180.4612469	435980691.2746787	428757455.41022533	444565855.7444071	511518281.90781116	496528842.80334866	528204497.16953075	348256804.4263466	342122679.04811764	348318887.5801932	348256804.3327971	342122678.97714216	348318887.5257254	0.1274
MAR	0.26052631578947366	lin	rmse	0.09773959766408555	0.09734778864836771	0.0980714446110389	20913.8263834027	20763.793143524093	21110.783511306417	20874.506200494638	20706.459267828126	21084.730392974132	22611.94713328184	22282.92715967426	22982.699953868145	18659.97923232403	18496.55857309996	18663.303233355913	18659.979229869623	18496.558571181347	18663.30323189669	0.1274
MAR	0.2868421052631579	lin	ev	0.9999999999985854	0.9999999999985625	0.9999999999986016	0.9293688046118449	0.9265065620311913	0.9313984169385714	0.9295331306572102	0.9264605264084235	0.931661055812373	0.918663791677303	0.9156871141984805	0.9213248815133197	0.9440207397985881	0.943020961390609	0.945312167460857	0.9440207398324644	0.9430209613921084	0.9453121675574566	0.14140000000000003
MAR	0.2868421052631579	lin	mae	0.07818097390131783	0.07821813944138516	0.07852773328013476	12468.653074079202	12218.868229061876	12569.014464014948	12453.577737910822	12184.032801595355	12575.632697949017	12991.769249486359	12685.363582941982	13163.533801987402	9890.333309216518	9719.416457742913	9967.192458924108	9890.333306701752	9719.416451258443	9967.192461090759	0.14140000000000003
MAR	0.2868421052631579	lin	mse	0.009597734056912244	0.009594248618790229	0.009681195195932758	478013440.84891164	455987490.38986164	502243651.28069484	476908444.46587706	454241757.4840133	502558252.1472068	550496422.4043463	522945403.30300754	573231256.7045981	378794688.9105388	372894932.9447946	389386606.3224543	378794688.6812765	372894932.28611964	389386606.31220734	0.14140000000000003
MAR	0.2868421052631579	lin	rmse	0.0979649808033447	0.09795023541977951	0.09839306477558649	21857.071666660315	21353.863593969632	22410.793187227773	21831.258435945518	21312.94811808102	22417.81104718315	23455.86365707073	22867.999547468236	23942.248363606082	19456.65281400302	19310.48764129986	19732.881348714745	19456.652808051604	19310.48762424501	19732.881348455103	0.14140000000000003
MAR	0.3131578947368421	lin	ev	0.9999999999985818	0.9999999999985705	0.9999999999985796	0.9245244608088028	0.9219947953206217	0.9253698272054603	0.9247366795346575	0.9224196530439197	0.9253672371246812	0.9127719311681133	0.9081441756465117	0.9149322036734825	0.9394929515598376	0.9358375644159933	0.9408816994034637	0.939492951598455	0.9358375644607838	0.9408816993978396	0.154
MAR	0.3131578947368421	lin	mae	0.0780589381845802	0.07764920645083648	0.07888220805900231	13262.988432651318	13270.897543505023	13484.224700191475	13241.518236792897	13274.077552433382	13446.544553482036	13784.283659430963	13679.583927408263	14018.319164395341	10458.973721620414	10328.893165176016	10619.581537605645	10458.973721729551	10328.893165709938	10619.58153438062	0.154
MAR	0.3131578947368421	lin	mse	0.009627569719103054	0.009543163955071607	0.009784967501728971	510763953.54705274	507347964.81856835	529760222.9479185	509333794.44427407	507365572.60591274	527007119.42494106	590337366.335151	578319284.1895673	618533148.409295	409571328.460234	404006016.99590576	431924407.2699246	409571328.2028818	404006017.03434014	431924406.96840656	0.154
MAR	0.3131578947368421	lin	rmse	0.09811750262106471	0.09768911891849372	0.09891899464576544	22594.672417332196	22524.386003142645	23016.52065252084	22563.117707195805	22524.776860291262	22956.63562948502	24288.592936604997	24048.269879339914	24870.326664708184	20221.07009651939	20099.900920051965	20782.79113280804	20221.07008982363	20099.900921008048	20782.79112555401	0.154
MAR	0.3394736842105263	lin	ev	0.999999999998592	0.9999999999985939	0.9999999999986213	0.9167725131797149	0.913224677011706	0.9197521776108076	0.917098735256285	0.9138022627664146	0.919876097051293	0.9044165294229536	0.9017165950564071	0.9074138582435854	0.9321620375414283	0.9303355550903061	0.9340415124744759	0.9321620375432229	0.9303355551075387	0.9340415125036714	0.165
MAR	0.3394736842105263	lin	mae	0.07817755059019885	0.07795694749078529	0.07819199204117445	14463.036744585537	14236.002689504321	14717.41891810411	14431.768535749598	14222.214139551837	14664.003990064055	14977.039256675154	14770.833678586912	15052.858906227037	11371.06248754775	11130.296225463266	11576.323234416743	11371.06248873383	11130.29622794698	11576.323234416743	0.165
MAR	0.3394736842105263	lin	mse	0.009569508395009706	0.009414620380413545	0.00960446404748301	562981384.4058256	546288856.0949413	583868003.93969	560781682.6253533	545327631.7680299	580252576.6524692	646669113.9929374	632753281.3635604	664128810.2912561	458862128.2722229	450750876.8582977	475014592.9561781	458862128.2597879	450750876.6587794	475014592.8386759	0.165
MAR	0.3394736842105263	lin	rmse	0.09782028506401884	0.09702896670795554	0.09800236756060035	23723.361865262763	23372.82302365166	24163.360774935467	23677.417153164937	23352.25110707809	24088.43242414228	25426.633161645295	25154.587680253484	25770.696736628135	21415.143219133624	21230.89439609876	21794.82950050718	21415.143218858186	21230.894391399986	21794.829497811537	0.165
MAR	0.3657894736842105	lin	ev	0.9999999999985872	0.9999999999985676	0.9999999999986174	0.9091737887442282	0.9073019564519343	0.9112757296605185	0.9094373667543489	0.9073205193879706	0.9112969237299855	0.8958842823431119	0.8923718581799753	0.896994867256219	0.9237730652756084	0.921533484105556	0.9254039965667307	0.9237730652826615	0.9215334841489605	0.9254039965733873	0.18059999999999996
MAR	0.3657894736842105	lin	mae	0.07786875109604911	0.07746610946516624	0.07877199898368008	15413.891934569172	15327.007391398902	15543.28071494578	15390.008637851113	15326.66188462939	15498.12753181551	16065.276333124255	15925.488899704142	16287.120427487987	12516.358281680421	12403.796240391388	12549.14468494515	12516.35827961239	12403.79624002098	12549.144680662816	0.18059999999999996
MAR	0.3657894736842105	lin	mse	0.009557824806951604	0.009507678492000671	0.009738118793551272	614321474.2670345	606328982.8872725	630176267.5298953	612548958.5512093	606184145.645625	630050073.6934565	704229207.0292686	703938455.8036232	720664474.027584	515666807.0697228	508547788.3486289	521558658.93510187	515666807.02320087	508547788.4671853	521558658.64659685	0.18059999999999996
MAR	0.3657894736842105	lin	rmse	0.0977592950545172	0.097507325324822	0.09868190712360231	24782.409418119776	24623.748351688304	25103.31188369167	24746.64218954705	24620.80716884857	25100.798268052284	26532.247805348372	26531.838530407636	26845.19461705547	22707.135034057013	22551.004153887003	22837.65878839383	22707.135033042552	22551.00415651563	22837.658782077397	0.18059999999999996
MAR	0.3921052631578947	lin	ev	0.9999999999986008	0.9999999999985978	0.9999999999986122	0.9060406867850073	0.905328633380869	0.9071852159830485	0.9063177984912144	0.905855391689252	0.9074275470740434	0.8923249011835563	0.8915839455892255	0.893374844332221	0.9229154008188732	0.9216207361394637	0.9246136390879586	0.9229154008195588	0.9216207361467752	0.9246136391181187	0.192
MAR	0.3921052631578947	lin	mae	0.07815152646937296	0.07795463510229517	0.07842430556943215	16136.158430652707	15923.243024647556	16249.996366317675	16110.148096860325	15904.909976265331	16237.76652160463	16864.527479880973	16769.056306545357	16876.871962259316	12857.902149356825	12726.798924492632	12989.871334923173	12857.902148112309	12726.798923671346	12989.871329143136	0.192
MAR	0.3921052631578947	lin	mse	0.009580891443495967	0.00952431246912796	0.009647954717119194	635749001.5808601	625470815.1176192	640673792.9617398	633876866.9351028	625185529.909097	640080502.241176	728522428.2524264	719216626.6440908	729828555.7391863	521462881.4261192	514030099.4216053	524957770.01805854	521462881.4206586	514030099.21595526	524957769.71079004	0.192
MAR	0.3921052631578947	lin	rmse	0.09788074129991906	0.09759258408879212	0.09822400275451613	25212.511338092907	25009.414529685	25311.534780841317	25175.4943986897	25003.710322852025	25299.812296560147	26990.28156010228	26818.21445667274	27015.339267519597	22834.850423898086	22672.23190207804	22911.95692249046	22834.85042376948	22672.23189754276	22911.956915785042	0.192
MAR	0.4184210526315789	lin	ev	0.9999999999985713	0.9999999999985509	0.9999999999985932	0.8989798385589627	0.8965249432676381	0.9004825003278526	0.8993274477724109	0.8970858388248528	0.900991990101432	0.8843287216527482	0.8824521261540968	0.8860137509138396	0.9164079270034087	0.9140597660572444	0.9191168104964889	0.9164079270228791	0.9140597660970897	0.9191168104973001	0.2048
MAR	0.4184210526315789	lin	mae	0.07786819216220459	0.07761787076701375	0.07813727248364995	17227.39085188741	17164.34870316466	17265.923762580096	17200.31794883882	17134.90967271056	17226.208801603356	18038.396353203698	17961.656868773847	18133.650332003384	13578.680040779236	13393.247362181442	13646.004214235956	13578.68003896217	13393.247363096409	13646.004210337112	0.2048
MAR	0.4184210526315789	lin	mse	0.009589247379937892	0.009466637246058073	0.009696850932536676	683542578.3448269	669925271.190788	705555926.2484092	681195581.7965837	667796490.3747461	701731398.8995347	782658927.8724847	767327785.8421667	799132396.7554541	565638554.3768702	552744157.1138995	584235586.6832303	565638554.245038	552744157.1083558	584235586.4123555	0.2048
MAR	0.4184210526315789	lin	rmse	0.09792133103799425	0.0972966456053757	0.09847258975236041	26141.87820699578	25882.914657951256	26562.302728649283	26096.906432341995	25841.758654835125	26490.2132664034	27973.214027758746	27700.68204651587	28268.929883450735	23779.81883198057	23510.511630202764	24170.965778868464	23779.818829233758	23510.511630084868	24170.965773265154	0.2048
MAR	0.44473684210526315	lin	ev	0.9999999999985949	0.9999999999985817	0.9999999999986229	0.8920141153122918	0.8906593804291089	0.8933864148376802	0.8923604951639048	0.8913097118431391	0.8937787749667414	0.8752296461929777	0.873217755654076	0.8774620293226929	0.9115499061687047	0.9094919579554526	0.9155573220222679	0.9115499061688503	0.9094919579574976	0.9155573220316284	0.21800000000000003
MAR	0.44473684210526315	lin	mae	0.07771134291381326	0.07751613181799916	0.07811425867990492	18145.160375844287	17804.78297089617	18365.72270496593	18113.576767182123	17763.71771788299	18365.39015986059	19058.568421325894	18665.77900215911	19346.0598795149	14388.841198829463	14015.494140914092	14661.469317231626	14388.841199642575	14015.494140142271	14661.469317089597	0.21800000000000003
MAR	0.44473684210526315	lin	mse	0.009483883324752343	0.009468125786651595	0.009521991789962488	730778849.3945538	708649260.9959258	745550904.2865553	728439087.8924361	706041284.5820363	740894133.45602	844472018.3765292	814497549.5888498	863788251.6554264	598657214.5953333	566888200.7754716	615288283.700373	598657214.5951777	566888200.6003442	615288283.6864703	0.21800000000000003
MAR	0.44473684210526315	lin	rmse	0.09738258592338707	0.09730429480064894	0.09758069373581277	27027.225191716447	26620.466956759527	27304.778048659457	26983.60990231161	26571.437382686625	27219.370555837988	29051.627617180453	28539.403455378142	29390.27478019602	24460.05971948227	23809.414120794143	24805.005214681434	24460.05971943028	23809.414117116452	24805.00521440119	0.21800000000000003
MAR	0.47105263157894733	lin	ev	0.9999999999985801	0.9999999999985256	0.9999999999986372	0.890636106952946	0.8877670158538848	0.8934278855231773	0.8909837697053341	0.8878686018681199	0.8932220883600056	0.8750306876276728	0.870692829430834	0.8779197815624489	0.9081085625948715	0.9045786286026867	0.9098805546080808	0.9081085626129815	0.9045786287493444	0.9098805545897898	0.23000000000000004
MAR	0.47105263157894733	lin	mae	0.0782363006392716	0.07780126536410698	0.07880224005740383	18697.31546850145	18519.70953241765	18915.13382193099	18668.389014211134	18492.052179312173	18903.499788134948	19554.71251950909	19312.23137361123	19889.91049172973	14998.141903206095	15066.975876153978	15209.722888464205	14998.14189971725	15066.975875238284	15209.722892553253	0.23000000000000004
MAR	0.47105263157894733	lin	mse	0.009628491964414834	0.009489771882408814	0.00979647056305724	739881528.3389288	726673551.2543046	760279234.9196943	737534562.163985	719997793.7615553	756078464.6584376	845577207.4325002	828273876.4008211	870499476.3687353	621531535.3062127	612646540.9110458	642351227.8879443	621531535.1842207	612646541.035391	642351226.9006841	0.23000000000000004
MAR	0.47105263157894733	lin	rmse	0.09812091443046951	0.0974154601816817	0.09897712141225991	27198.789983514882	26956.88318879437	27573.161496638255	27155.539854555165	26832.774619139844	27496.88099873216	29075.445312055264	28779.747677851887	29504.22811003086	24923.890959030356	24751.697737954175	25344.648900467026	24923.890956629468	24751.697740466025	25344.648880990324	0.23000000000000004
MAR	0.4973684210526315	lin	ev	0.9999999999985917	0.9999999999985804	0.9999999999986111	0.8859004509339359	0.8842186956287876	0.8875126741459533	0.8860684464022363	0.8838583644745821	0.8883279580272488	0.8668890031509291	0.8658247250924708	0.8679432181853243	0.904899965995348	0.9034355468156288	0.9072180406815511	0.9048999659974113	0.9034355468030368	0.907218040695121	0.2444
MAR	0.4973684210526315	lin	mae	0.07814075187785618	0.07802729840351269	0.07818381474386388	19457.42216000972	19374.566249791707	19654.253850426052	19446.15869131497	19349.49064325114	19685.312573721098	20588.03152263126	20596.18395540589	20731.463741100873	15541.913365976827	15363.534862714896	15676.66696288611	15541.913365916425	15363.534860503318	15676.666964756352	0.2444
MAR	0.4973684210526315	lin	mse	0.00966448932963005	0.009595518344330506	0.00972179761538993	772050407.4482774	759134137.0893984	791232886.4261159	770938447.3462609	758017863.9874134	793695338.0348587	900681008.4437485	901767661.7464608	905807387.8311666	643476772.7095177	631559778.7460424	653312193.0660079	643476772.6956574	631559778.6361623	653312193.0562966	0.2444
MAR	0.4973684210526315	lin	rmse	0.09830707787067505	0.09795671668819095	0.09859917654519196	27783.587062718267	27552.388954306636	28128.86216017484	27762.923223643193	27532.124218581706	28172.599064247846	30010.643670422294	30029.446577425646	30096.6341611677	25364.543831442104	25130.853124119014	25559.97247780224	25364.543831152092	25130.853121932854	25559.972477612268	0.2444
MAR	0.5236842105263158	lin	ev	0.9999999999985907	0.9999999999985573	0.9999999999986104	0.8796347599586267	0.8778028408028168	0.880570318273433	0.8798693083665844	0.8774936078268579	0.8811061008510602	0.8612865006901625	0.8607718107972979	0.8624264633822449	0.8964261773842115	0.8943178916052519	0.8976607041657653	0.8964261773795359	0.894317891562394	0.897660704172157	0.25599999999999995
MAR	0.5236842105263158	lin	mae	0.07791190417287598	0.07755417688854788	0.0786030445543619	20220.813276889407	20137.940719141614	20313.75530819678	20201.68937187809	20163.126641331524	20270.676343259136	21286.994586249355	21196.34501082861	21388.354813673286	16380.978757788344	16274.036180468542	16427.1035315537	16380.978758427018	16274.036180712481	16427.103537166306	0.25599999999999995
MAR	0.5236842105263158	lin	mse	0.009554518188068368	0.009575861726211434	0.009636955246053512	814403367.2214636	801019157.1386354	832079060.2160957	812832507.1295419	797006212.7350335	833550659.4659958	938622498.8307188	914444469.3090385	951472628.8735236	700803886.3179334	688867486.3297899	718444036.8297497	700803886.3502398	688867486.3381784	718444037.121104	0.25599999999999995
MAR	0.5236842105263158	lin	rmse	0.09774437190607993	0.09785633207008852	0.09816799501901581	28536.290844212996	28302.28183625192	28845.780631074897	28508.251580896274	28231.298459954574	28871.277413131476	30634.534851376182	30239.782891235158	30845.949959006346	26470.891816234624	26246.285191047322	26803.80638696209	26470.891816825933	26246.285191207124	26803.806392397033	0.25599999999999995
MAR	0.55	lin	ev	0.9999999999986136	0.9999999999985998	0.9999999999986395	0.8739420055897993	0.8732432688067593	0.8745911954158282	0.87436945189705	0.8733754706436612	0.8755331227776363	0.8549385044424815	0.8548046189506687	0.8550626626902658	0.8902002524979095	0.8875685087845755	0.8922013798502194	0.890200252509579	0.8875685087721605	0.8922013798413245	0.26940000000000003
MAR	0.55	lin	mae	0.07732670204983343	0.07744054236966609	0.07745663926490302	20904.04703113221	20761.511627578915	21071.918881006608	20865.70246687398	20745.329979137852	21038.621261496595	22025.095729625766	22019.715386989006	22074.599230969492	17151.684383139676	17078.116799169708	17369.737473934783	17151.684384344884	17078.116799069816	17369.7374751396	0.26940000000000003
MAR	0.55	lin	mse	0.009426287102004964	0.009367699489372714	0.009461931426342045	852930852.6746042	838436537.4693244	866237384.7025348	850038433.8968191	836855317.5581822	865333936.2436416	981538517.7640861	971884236.4801801	990643468.5146657	742975651.5821738	735036613.5560827	768233760.7593275	742975651.505327	735036613.6167337	768233760.7954074	0.26940000000000003
MAR	0.55	lin	rmse	0.09708828527356915	0.09678687663817194	0.09727245975270721	29203.884158089535	28955.768638896883	29431.9109930452	29154.25948646844	28928.451696525037	29416.55887835356	31328.956721956056	31175.057922643547	31474.489170035242	27253.647013351165	27111.5586707235	27717.030157636433	27253.647011876707	27111.558671842045	27717.030158287296	0.26940000000000003
MCAR	0.05	lin	ev	0.9999999999985751	0.9999999999985748	0.999999999998593	0.9907740102891989	0.9906335553787808	0.9914811478254706	0.9907692108641628	0.9906067208171087	0.991482682002563	0.9857053237967797	0.9855293597190466	0.9859403878362822	0.9921705984285975	0.9918109622521983	0.9927311719244274	0.9921705984239526	0.9918109622558618	0.992731171895547	0.0246
MCAR	0.05	lin	mae	0.07836974203906513	0.07814745817275717	0.07846561512766981	2236.3528972128097	2170.1481339005604	2264.6588622878953	2238.5034474304935	2169.3523504245463	2265.112226528565	2535.716095289073	2427.070063480344	2596.7940811783546	2283.3171025780553	2127.7097168260316	2406.485461974212	2283.3171075162136	2127.709715924565	2406.4854875113724	0.0246
MCAR	0.05	lin	mse	0.009655480225426692	0.00963516084964927	0.009653170979689436	62389299.16003301	57912532.57896741	64008943.874364235	62421989.62016332	57902102.995377764	64192327.43359376	96730736.31989455	93452771.98793928	98675829.4526022	52988781.43724112	49563294.64854589	55126418.489822716	52988781.469206646	49563294.84547004	55126418.46516158	0.0246
MCAR	0.05	lin	rmse	0.0982611685292493	0.09815885517694911	0.09825055205793724	7889.9743916209245	7610.028421692485	8000.558972619615	7891.941493650958	7609.343138233271	8012.011447420289	9832.538632370033	9667.097392078931	9933.570830904775	7274.896804053965	7040.120357532667	7424.716727917821	7274.8968063000475	7040.120371518518	7424.716726257075	0.0246
MCAR	0.07631578947368421	lin	ev	0.9999999999985756	0.9999999999985759	0.9999999999985953	0.9830775752301918	0.9824756448988349	0.9833218142506148	0.983076276344738	0.9824655278694214	0.9833231762375948	0.9779583864227362	0.9773099336238706	0.9775238312481264	0.9869689007346972	0.9868405353972506	0.9877809172994044	0.9869689007179071	0.9868405353777602	0.9877809172782805	0.0376
MCAR	0.07631578947368421	lin	mae	0.07825549299407665	0.07811549457504742	0.07827218392189907	3553.567543388119	3473.877491979564	3825.5434758601386	3554.298314064992	3473.8244551117655	3825.330911319759	3818.0427146487586	3753.395763654789	3940.640360230605	3252.433736069532	3111.1093565926653	3334.7440008695207	3252.433735210252	3111.109360093507	3334.7439990590215	0.0376
MCAR	0.07631578947368421	lin	mse	0.00963365447563829	0.009588922889232573	0.009662579377073547	114469114.87282367	112273099.18292019	117730132.35375777	114477615.05806744	112263930.64974807	117755533.62828447	149098173.59257147	149403139.33519876	154730300.062633	88179346.98876882	81218954.53231099	89729240.35925826	88179347.10181396	81218954.67271964	89729240.4921563	0.0376
MCAR	0.07631578947368421	lin	rmse	0.09814947778132918	0.09792304575140917	0.09829842001310879	10690.364633552917	10595.900111973508	10850.351715670684	10690.725700968775	10595.467457821202	10851.522180242018	12205.14493363918	12223.057691723408	12439.06347208796	9377.952764464131	9012.155931424566	9472.551945450512	9377.952770594862	9012.155939214525	9472.551952465412	0.0376
MCAR	0.10263157894736842	lin	ev	0.9999999999985769	0.9999999999985681	0.9999999999985919	0.9760679060470464	0.9754938274390224	0.9771458366654627	0.9760551538249974	0.9754980670756481	0.977136488305963	0.9697731950020329	0.9689631320987722	0.970165068338297	0.9821285376930202	0.9813288290629802	0.981937252560106	0.9821285376973412	0.9813288290907013	0.9819372525648858	0.0506
MCAR	0.10263157894736842	lin	mae	0.07812621685127111	0.07795123759623894	0.0784816538293364	4752.8505911209095	4652.600974389974	4834.585240393156	4754.82829492697	4655.90813657855	4833.240272580065	5149.864134187323	5063.649141205753	5161.453587845431	4029.1814136611574	3972.4234241274908	4083.135965964561	4029.1814121050934	3972.4234231579603	4083.135964500339	0.0506
MCAR	0.10263157894736842	lin	mse	0.009572602575665274	0.009550721433753307	0.00965730216402173	161939917.2359883	154537526.6330109	167471680.82086295	162026853.05884686	154582449.90322265	167442707.75009748	204548479.64872757	199073622.4819866	211010015.96873644	120950958.77696268	121398825.96614097	127596113.67037551	120950958.74651428	121398826.1544622	127596113.48093353	0.0506
MCAR	0.10263157894736842	lin	rmse	0.09783847123460682	0.09772779253494529	0.09827157352979411	12722.098543294953	12431.312345565568	12941.084993958697	12725.431630270265	12433.119073797317	12939.965523528163	14299.775101613774	14109.345218045613	14526.183806104631	10987.800990183528	11018.113539356043	11295.844973722662	10987.800988861933	11018.113547902027	11295.84496533719	0.0506
MCAR	0.12894736842105264	lin	ev	0.9999999999985754	0.9999999999985731	0.9999999999985848	0.9695867974884077	0.9690483380764983	0.9698621944533745	0.9695845275864385	0.9690377359668221	0.9698687488565452	0.963182357948116	0.962513505776136	0.9638378231856267	0.9756736260786563	0.97547254747741	0.9761667747247154	0.9756736260856009	0.9754725474754946	0.9761667747094811	0.064
MCAR	0.12894736842105264	lin	mae	0.07819062322806096	0.07781427269232508	0.07848890897644999	5961.672958404898	5817.029423510864	6139.569428669367	5961.5792115814675	5817.234721823549	6139.525066812846	6325.648687620323	6314.071642127387	6385.011874808117	4992.936762536765	4885.651910638804	5122.021360958409	4992.9367605548805	4885.6519103698465	5122.021358251654	0.064
MCAR	0.12894736842105264	lin	mse	0.009610752513218853	0.009538264674851872	0.00967504212443259	205740624.7178815	205732433.77277637	209507896.21803126	205755622.22825137	205802904.87808275	209507877.32647574	249109320.02431124	244522672.8198484	252350527.41492587	164537915.98907453	160761355.09657925	166741582.57383224	164537915.94248375	160761354.95570615	166741582.58685333	0.064
MCAR	0.12894736842105264	lin	rmse	0.0980333914240302	0.09766403982455299	0.0983617919948218	14342.409448046612	14343.375954522575	14474.387593885665	14342.931821732083	14345.832317369486	14474.386941299992	15781.202777219034	15637.22075113888	15885.544605550225	12820.981577939918	12679.170126494055	12912.84564198892	12820.98157607429	12679.170120938757	12912.845642493112	0.064
MCAR	0.15526315789473683	lin	ev	0.9999999999985756	0.9999999999985585	0.9999999999985935	0.9629286019600372	0.9619586763908463	0.9631177886216286	0.9629159769733636	0.9619589977969364	0.9631243854284266	0.9565595353628458	0.9556758701990054	0.9571733008857979	0.9710302371631881	0.9698067528729045	0.9718955140476385	0.9710302371623779	0.9698067528898446	0.9718955140465005	0.0764
MCAR	0.15526315789473683	lin	mae	0.07818225522218428	0.07776691516243413	0.07869743392603182	7163.040422022229	7117.00224546477	7260.127781147626	7165.03348550523	7120.453272065409	7260.69829028854	7474.8292159918	7442.419084717184	7536.404733632786	5813.758541176808	5765.743284304286	5861.446489927267	5813.758540971241	5765.743281037141	5861.4464976913805	0.0764
MCAR	0.15526315789473683	lin	mse	0.009592661747261337	0.009527710314524365	0.009669419647756172	250813253.59313804	245152170.7799751	258611060.23756635	250899162.19079724	245108322.50064692	258608875.2670702	293897859.92408484	284667761.7828939	302231486.87120676	196013497.12675864	189191905.29646045	205258569.12281975	196013497.12938848	189191905.30412117	205258569.0076581	0.0764
MCAR	0.15526315789473683	lin	rmse	0.09794146759429105	0.0976099908540328	0.09833320724839688	15833.386315736067	15657.336005207753	16081.38862901977	15836.03627748781	15655.93569546857	16081.320694118074	17141.209828272393	16872.100099954772	17384.806207467678	13993.18430008589	13754.704842215278	14326.847843221472	13993.184300307374	13754.704842493755	14326.847839202386	0.0764
MCAR	0.18157894736842106	lin	ev	0.9999999999985768	0.9999999999985711	0.9999999999985908	0.9572225496336342	0.9568881199527942	0.958887243462036	0.9572176588847888	0.9568874467491986	0.9588989041356732	0.9497557949951354	0.9482278207739204	0.9525883152837047	0.9667649339106307	0.9656674117747847	0.9678796144091124	0.9667649339227321	0.9656674117775098	0.967879614430939	0.08839999999999999
MCAR	0.18157894736842106	lin	mae	0.07828456099193695	0.07813208569786056	0.07843052823115276	8185.321456156211	8079.005764092475	8229.721951842512	8186.48297906611	8081.468545100662	8231.643542437494	8538.192232842943	8444.998578219334	8569.201455829103	6556.650547407757	6370.627077385878	6852.373069720927	6556.650545883169	6370.627075986855	6852.373063461556	0.08839999999999999
MCAR	0.18157894736842106	lin	mse	0.009616594292276277	0.00960953319620888	0.009644560078542853	289430231.44878995	278933776.60457754	294620426.6246681	289463529.4169991	279039028.52829933	294625027.2018251	339999298.81501687	323321289.91751164	353826936.48069745	224776810.87045422	218744152.40649068	228205094.47116047	224776810.78833264	218744152.39755452	228205094.4530467	0.08839999999999999
MCAR	0.18157894736842106	lin	rmse	0.09806347604108008	0.09802822652791839	0.09820672114750015	17008.746249717537	16701.310625354454	17164.510672450528	17009.68900387316	16704.46133607125	17164.644686151387	18431.659662362734	17981.137058526405	18810.28804884969	14989.086603776432	14790.00177168653	15106.458700541318	14989.086601042794	14790.001771384428	15106.45869994178	0.08839999999999999
MCAR	0.20789473684210524	lin	ev	0.9999999999985668	0.999999999998574	0.9999999999985901	0.9514405461105777	0.9510327196721008	0.9515342507138527	0.9514478027818999	0.9510487698443275	0.9515163475829884	0.942995423207299	0.942571521686438	0.9440988349850793	0.9617112878876919	0.9614698321263515	0.9622997999558808	0.961711287885427	0.9614698321266848	0.9622998000031553	0.1018
MCAR	0.20789473684210524	lin	mae	0.07848726551412329	0.07831606912638912	0.07892347449937595	9271.159540909002	9246.577044399415	9352.62572225565	9269.597932357785	9245.995973473253	9355.172053829772	9696.691410216856	9638.952990364918	9735.195505388667	7366.016061539315	7190.796357796491	7418.736952402514	7366.016062509593	7190.796346862862	7418.736952390654	0.1018
MCAR	0.20789473684210524	lin	mse	0.009695320110262714	0.009594753492585918	0.009805618265202262	328506592.61334246	328894287.96250033	330817195.15114605	328457844.8816298	328820558.5146048	330786844.26252484	385597624.1227128	382021715.75684065	386604777.42357314	259086645.56131592	250589255.20596728	261934302.47884452	259086645.57789308	250589254.89173853	261934302.4765785	0.1018
MCAR	0.20789473684210524	lin	rmse	0.09846228221493511	0.09795281258129303	0.09902332182472097	18124.511291035735	18135.44286645629	18188.38077320645	18123.156787916047	18133.410007899914	18187.546405783403	19636.143962212336	19545.37581518556	19662.26786064042	16090.092069639595	15830.011219388547	16184.384525796602	16090.092070153612	15830.011209463451	16184.384525726597	0.1018
MCAR	0.23421052631578948	lin	ev	0.9999999999985896	0.999999999998584	0.9999999999986009	0.9466150424634359	0.944330293680376	0.9483092584560165	0.9466224046716075	0.9443335921665923	0.9483040796178182	0.9374964991511036	0.9368822553896745	0.9392832051267996	0.9564501721938505	0.9543160179608582	0.9583859344624452	0.9564501721821881	0.954316017976337	0.9583859344266967	0.11479999999999999
MCAR	0.23421052631578948	lin	mae	0.07813367983509889	0.07786231280403541	0.07827125327620425	10249.734793275522	9945.818250166803	10484.02508971861	10247.358927767298	9944.062344158881	10482.824145107423	10673.29890447022	10461.514482617202	10830.47649797132	8008.551870838533	7845.1733033273695	8208.797293261743	8008.551871007403	7845.173305626924	8208.797292755087	0.11479999999999999
MCAR	0.23421052631578948	lin	mse	0.009597107145890033	0.009578808593376986	0.009597750705286463	361201083.4478399	346067740.5784793	375408462.68505776	361151439.9981949	346125055.6488435	375123513.28111696	422957528.2937914	414006362.6779703	431339096.9978911	294660679.9471849	276604306.52740777	310567086.26651376	294660680.02554405	276604306.76502466	310567086.1612866	0.11479999999999999
MCAR	0.23421052631578948	lin	rmse	0.0979631369722693	0.09787138802212313	0.09796811065487822	19001.494423576314	18602.896026653467	19375.46032188804	19000.23085869811	18604.436450719048	19368.10556768826	20562.457945082322	20347.146303056117	20768.704750125635	17157.95969767267	16631.4252704754	17622.913671311955	17157.95970002699	16631.42527761901	17622.913668326433	0.11479999999999999
MCAR	0.26052631578947366	lin	ev	0.9999999999985612	0.999999999998564	0.9999999999985684	0.9385896758181339	0.9380916805524522	0.9401941979909695	0.9385685853860262	0.9381003375433524	0.9401986612160544	0.9289328015611167	0.9255839369259576	0.9313975232957338	0.9487660486290441	0.9486200553845757	0.9494634500506265	0.948766048597254	0.9486200552802839	0.9494634500377291	0.12840000000000001
MCAR	0.26052631578947366	lin	mae	0.07852973860364572	0.07796510411735794	0.07923568246265827	11625.56751880913	11446.658674904336	11581.182848327353	11629.258350884596	11448.759620881463	11578.573561049569	12086.910230438158	11924.761619487506	12230.262744293725	9162.67160711571	9090.648770018923	9202.051735635612	9162.671611569433	9090.648772564824	9202.051744692084	0.12840000000000001
MCAR	0.26052631578947366	lin	mse	0.009690804771056587	0.009580842859058936	0.00982872403010426	415525273.6842582	402795736.07193214	411498072.7757181	415668278.5495765	403230316.36645025	411440530.6698545	480794872.5558877	467778117.0763497	494674611.00595087	346595208.20358574	343500055.39502513	350339739.43587124	346595208.4177442	343500055.1742852	350339740.1469962	0.12840000000000001
MCAR	0.26052631578947366	lin	rmse	0.09843772263359572	0.09788178001578708	0.09913992147517699	20378.982550779827	20069.77169954686	20285.41527244927	20382.545859671925	20080.59551822232	20283.996910615388	21923.111555556487	21628.178773913205	22241.281685324495	18616.726498229553	18533.754487286842	18717.364649861134	18616.726503943566	18533.75448133176	18717.36466885753	0.12840000000000001
MCAR	0.2868421052631579	lin	ev	0.9999999999985689	0.9999999999985582	0.9999999999985861	0.9336905965041133	0.9328817352853839	0.9333328424125377	0.9337061768964372	0.9329363447020348	0.9333244202585003	0.9232213793169877	0.9223973719282736	0.924722870362347	0.946202285433747	0.9439040356861461	0.9486354130566812	0.9462022854333899	0.9439040356747394	0.9486354130615589	0.14140000000000003
MCAR	0.2868421052631579	lin	mae	0.07857599723890286	0.07847595192182455	0.0785823523449942	12584.950599804022	12413.994356090741	12753.079237362663	12581.29862452702	12414.78769744641	12749.606092334867	13074.525221234158	12844.816594772066	13148.363617388948	9617.111855467592	9448.545822657674	9728.800916456286	9617.111854595798	9448.545823350256	9728.800915703203	0.14140000000000003
MCAR	0.2868421052631579	lin	mse	0.009688715844224751	0.00968066917611659	0.009711733041581723	448608772.7998829	444199887.33883446	453214101.6925597	448503526.2578372	444183639.97412026	453271356.85558933	519546398.29308224	510352925.5248737	522434309.0568462	363971643.64441526	349184755.6240135	372961598.2257777	363971643.6469933	349184755.5908541	372961598.2495229	0.14140000000000003
MCAR	0.2868421052631579	lin	rmse	0.09842871330171055	0.09839039168595981	0.09854812551023852	21179.47738455564	21076.050088639342	21288.825747151008	21176.984473262815	21075.664638965012	21290.1704280541	22790.628568055567	22590.992132371557	22856.821936937038	19074.01422983307	18686.48590891325	19312.213705988695	19074.014229871576	18686.485908025996	19312.21370660347	0.14140000000000003
MCAR	0.3131578947368421	lin	ev	0.9999999999985725	0.9999999999985713	0.999999999998595	0.9278074944547541	0.9260232116427759	0.9295628695165077	0.9278100913258353	0.9260652419156136	0.9295648009838928	0.916372118435878	0.9152814765988486	0.9173200424542197	0.9427774633026479	0.9423195930336383	0.9443259224045935	0.9427774632821839	0.9423195930156729	0.9443259223389484	0.1528
MCAR	0.3131578947368421	lin	mae	0.07824636840604685	0.07786749923675923	0.07828753297516886	13614.30107771774	13433.196233015615	13750.832331018875	13613.454756613128	13433.676045948267	13750.014523866797	14130.559870400295	13863.76275886999	14201.229633639838	10265.807285286819	10099.195937941719	10497.760637625215	10265.807284819603	10099.1959374257	10497.760639182752	0.1528
MCAR	0.3131578947368421	lin	mse	0.009610943474625197	0.009510787907469107	0.009641356781147883	488387409.71530724	478842986.1584671	491715913.3180226	488371291.0371841	478829855.73131883	491436542.5254496	565805151.3213644	560588680.0987496	563769196.3848469	387040862.6524146	380468689.259972	388289119.06585693	387040862.79187816	380468689.7085809	388289119.1867955	0.1528
MCAR	0.3131578947368421	lin	rmse	0.09803321373574528	0.09752326854381525	0.09819041084111974	22098.050902187922	21882.481261467292	22174.668279774167	22097.69339430735	21882.181237968915	22168.368061845453	23785.61660619637	23676.7540025813	23743.824384139276	19672.11955032414	19505.606610920153	19705.053135321836	19672.11955390249	19505.60662241964	19705.053138390555	0.1528
MCAR	0.3394736842105263	lin	ev	0.9999999999985871	0.9999999999985945	0.9999999999986046	0.9232267942600789	0.9226912238674655	0.9236629624682698	0.9232288392256158	0.9226966558657181	0.9236531701519964	0.9123741312707934	0.9118907479906289	0.9134414154698504	0.9379280994860654	0.9380911287646176	0.9386707754583291	0.9379280994832337	0.9380911287650461	0.9386707754450861	0.166
MCAR	0.3394736842105263	lin	mae	0.07827021767488064	0.07785605598506663	0.07865253069642386	14466.141802305512	14360.841761566422	14683.010080284328	14464.443904757534	14362.064450091759	14681.657828923702	15001.261220884397	14933.609383665642	15198.652842885589	10995.147193397206	10898.76304679446	11004.741540900783	10995.14719360835	10898.76304613891	11004.74154234742	0.166
MCAR	0.3394736842105263	lin	mse	0.009586804458490888	0.009492957430103784	0.009664992380161263	519518154.25778294	515015480.1205596	528317126.99744564	519503267.4684922	515023570.93067545	528280005.49773675	593003163.7179166	582692926.5396812	602128645.6981654	420016956.718472	409252992.1989256	422752693.6374178	420016956.7374569	409252992.1429427	422752693.60532975	0.166
MCAR	0.3394736842105263	lin	rmse	0.09791033980971434	0.09743180912876341	0.09831069311199704	22790.7248480437	22693.952501064232	22985.150140850626	22790.439694648758	22694.130759530657	22984.342616175403	24347.925526415063	24139.033256112	24538.30975634152	20492.41509360986	20230.002278767188	20560.950698774068	20492.415094065713	20230.002277383526	20560.95069799375	0.166
MCAR	0.3657894736842105	lin	ev	0.9999999999985711	0.9999999999985499	0.9999999999985965	0.9159219394891839	0.9131848910898422	0.9181635581454171	0.9159032265334155	0.9131745313103174	0.9181535268760844	0.9032708097092982	0.9002247749430996	0.9070627821623061	0.9302301135767564	0.9282567797776347	0.9319098378921865	0.9302301135826632	0.9282567797717309	0.9319098379008043	0.1808
MCAR	0.3657894736842105	lin	mae	0.07820930605724331	0.07802040407015763	0.0788632501777138	15694.05318728364	15446.924629204419	16032.982440042922	15695.651484077029	15447.598898510605	16036.41025483419	16338.421602769286	15925.457870266066	16674.313377185616	11949.924562702585	11771.833953120731	11895.64782412782	11949.924561801068	11771.83395481376	11895.647822335934	0.1808
MCAR	0.3657894736842105	lin	mse	0.009606680775881745	0.00952221994002789	0.00974175694893875	569005380.6945091	551097099.1905113	593282046.5396386	569130969.3673412	551437793.2186631	593352843.7922752	654705905.6856854	620873438.9106641	681868133.9298148	472121451.20676774	462887916.1873405	490282913.3453833	472121451.1672025	462887916.1287555	490282913.3857292	0.1808
MCAR	0.3657894736842105	lin	rmse	0.09801169194171641	0.09758186276162129	0.09870033915310904	23848.394152426277	23475.45737979372	24357.381766923114	23851.077331036427	23482.712646086336	24358.835025351174	25579.782857643746	24917.33209857476	26112.604885951438	21723.431254601666	21514.830145444805	22142.333060122262	21723.431253688268	21514.830144083302	22142.33306103332	0.1808
MCAR	0.3921052631578947	lin	ev	0.9999999999985778	0.9999999999985377	0.9999999999986123	0.913323531172473	0.91253993722453	0.9133953384179699	0.9133273089935564	0.9125401474446768	0.9133921102720342	0.8989342233075831	0.8982925594528675	0.8993336119613206	0.9265145883393269	0.9233741056029191	0.9290943833631305	0.926514588341675	0.923374105604593	0.9290943833618894	0.19039999999999999
MCAR	0.3921052631578947	lin	mae	0.0781079990846989	0.07797541869190779	0.07825460961295977	16224.401494965878	16000.518940169433	16375.177314439521	16222.987670005303	15996.137725400487	16373.9806144497	16984.55833706283	16735.713124831145	17159.018828123022	12580.679464020825	12412.05307659313	12694.114074232806	12580.67946379802	12412.05307744841	12694.114072847824	0.19039999999999999
MCAR	0.3921052631578947	lin	mse	0.009608005838515659	0.009544732321090894	0.009656715906855186	586397841.7726845	580197575.1685122	591843879.5766783	586372440.8887656	580129962.8721199	591865940.2646322	683783344.1446526	676038635.0505376	687941566.5920149	497048174.02379876	483477657.34343165	511503934.62885547	497048174.0080528	483477657.3518944	511503934.5843385	0.19039999999999999
MCAR	0.3921052631578947	lin	rmse	0.09801885573090892	0.09769714592090648	0.09826859064245903	24214.62667110435	24087.290739485674	24327.841654710726	24214.09467341734	24085.887213721646	24328.295054619677	26148.0933017471	26000.742971125605	26228.64019715881	22291.29902895819	21988.125371286922	22616.45274194995	22291.299028607664	21988.12537147936	22616.45274096578	0.19039999999999999
MCAR	0.4184210526315789	lin	ev	0.9999999999985875	0.9999999999985751	0.9999999999985872	0.9066901282679849	0.9049075292669696	0.9091067206260159	0.9066902434474813	0.9048936769567429	0.9091020901847414	0.8926078975538401	0.8902565964997659	0.8934318555413872	0.9205167413524478	0.9166778372670039	0.923778479693294	0.9205167413587745	0.9166778372765504	0.9237784797009398	0.20600000000000002
MCAR	0.4184210526315789	lin	mae	0.07833065230969372	0.07783147905902633	0.07864276475926606	17328.292457415446	17132.9957001881	17378.386513709404	17327.517059042148	17133.033983190697	17379.456528771985	18043.74687152844	17844.70268688076	18048.565459140264	13442.591326735728	13370.945823692744	13480.736023762529	13442.591327130915	13370.94582276868	13480.736023374397	0.20600000000000002
MCAR	0.4184210526315789	lin	mse	0.009581555598230599	0.00946735295265585	0.00963298434048013	631319363.5362399	617620539.6718265	639787636.6261129	631318021.048289	617651329.0232248	639587496.5668241	726633616.2252166	724467526.1071141	732587756.0852919	537716860.9707469	513102950.03658944	553833631.5716403	537716860.9281266	513102949.98511964	553833631.5081862	0.20600000000000002
MCAR	0.4184210526315789	lin	rmse	0.09788194681241805	0.09730032349717986	0.09814776788333053	25124.165827108554	24851.972550922925	25294.02373340614	25124.14452130015	24852.591998083917	25290.067152279848	26953.68903014386	26915.93442753036	27066.358382414357	23181.774960020888	22651.77586937919	23533.670167902845	23181.774959128077	22651.775868243083	23533.67016655469	0.20600000000000002
MCAR	0.44473684210526315	lin	ev	0.9999999999985926	0.9999999999985651	0.9999999999986359	0.9039217048955294	0.9029228439932618	0.9051707049180748	0.9039250443911337	0.9029175684491242	0.9051776153670189	0.8877546440101709	0.8860275116121525	0.8890646746586541	0.9205543100767486	0.9206165927679482	0.9227765900195383	0.9205543100868452	0.9206165927717951	0.9227765900894829	0.217
MCAR	0.44473684210526315	lin	mae	0.07771556039725327	0.07707677377149584	0.07834034246671838	18000.427816609958	17846.401817701706	18167.70920100746	17999.918028332097	17847.83073263364	18168.122178420443	18937.960627594748	18796.916750862627	18994.282109701973	13763.38522333706	13667.041929329087	13847.284413658163	13763.385224007216	13667.04193103694	13847.284413623569	0.217
MCAR	0.44473684210526315	lin	mse	0.009497955669392918	0.009383281463393709	0.009601139551368787	649979214.373007	638365528.0114532	657195587.4033855	649956526.0444901	638319008.7118506	657208841.4173623	759388376.3641374	754243877.947578	764183832.1959078	537385016.8506296	526556218.256075	542288347.4524812	537385016.7819209	526556217.7791499	542288347.5475085	0.217
MCAR	0.44473684210526315	lin	rmse	0.0974548192745548	0.0968673395081836	0.09798540478749265	25493.808059704756	25265.896540820657	25635.82624772187	25493.35615022014	25264.97592937406	25636.084752109913	27556.16519660033	27463.50083196929	27643.875129871136	23178.829661089185	22946.812812590662	23287.085422020533	23178.829659609313	22946.812802198696	23287.085424060875	0.217
MCAR	0.47105263157894733	lin	ev	0.9999999999985677	0.9999999999985798	0.9999999999985971	0.8976436437711248	0.8963957552716614	0.899357602175184	0.8976367468312914	0.8963868619859815	0.8993266768167626	0.8820080170120349	0.8815900530353263	0.8823596119698829	0.9143538071940043	0.9136297525573006	0.913928417385311	0.9143538071928028	0.9136297525415318	0.913928417389624	0.2306
MCAR	0.47105263157894733	lin	mae	0.07817941175464707	0.07758129529007705	0.07825351136515747	18931.870332396727	18830.57830032248	19001.880684576714	18931.790876707906	18827.45681977582	19001.96906093799	19825.8849221909	19717.045052700367	19902.854037774898	14606.876601544169	14431.945077927328	14843.017500959118	14606.87660231141	14431.945078369416	14843.017503737528	0.2306
MCAR	0.47105263157894733	lin	mse	0.009609805279968244	0.009519482818449488	0.009579508376280793	692534211.4026873	681641390.7548276	706436808.64693	692581388.7383106	681506420.0036051	706497448.4823979	798389685.6918311	782023828.325627	807397128.7623314	579551032.3788913	586888445.516363	587158887.8879801	579551032.386788	586888445.4869545	587158887.9951798	0.2306
MCAR	0.47105263157894733	lin	rmse	0.09802616301383105	0.09756783700815289	0.09787496296949896	26314.67174412749	26108.262882750885	26578.878995302453	26315.56859453777	26105.677926527882	26580.019723137866	28253.95027506048	27964.688954566023	28414.73436022817	24071.587822401365	24225.780596636367	24231.361659799066	24071.58782257014	24225.780596029395	24231.361662011066	0.2306
MCAR	0.4973684210526315	lin	ev	0.9999999999986005	0.9999999999985304	0.9999999999986434	0.8955876997045099	0.893033785447092	0.8977417320833745	0.8955836474661908	0.8930395604770917	0.8977195166838043	0.8783436725491306	0.8772524449872677	0.8797071026603278	0.9090265278405957	0.9082943573389457	0.9090069453249165	0.9090265278400368	0.9082943573475483	0.9090069453003743	0.24420000000000003
MCAR	0.4973684210526315	lin	mae	0.07808097135762712	0.07723060770556056	0.07937271455293474	19491.03550884148	19341.574173431745	19693.49176072541	19490.54915632903	19341.91051800331	19693.46954087135	20568.857867179682	20560.400507590402	20739.28141099654	15222.789947202804	15089.987894970029	15349.872691610963	15222.789948111202	15089.98789980024	15349.87269008521	0.24420000000000003
MCAR	0.4973684210526315	lin	mse	0.009541739467423165	0.009358807783475906	0.009849524164100554	706445204.6760299	687172976.6582475	720068033.5487235	706472162.806974	687149740.6577035	720029157.5866925	823236338.3978013	822119218.3054069	833887155.7113998	615446710.347862	614255745.4635997	620446037.9229904	615446710.3519775	614255745.3979847	620446038.0903348	0.24420000000000003
MCAR	0.4973684210526315	lin	rmse	0.09767062508156779	0.09674093127252759	0.09924476895081451	26576.565954836038	26213.984372053164	26834.083430382405	26577.082610902977	26213.541169740947	26833.359044046134	28690.967882835044	28672.62140623712	28877.10435122261	24807.854872820048	24784.183372941698	24908.754242695286	24807.854872901356	24784.18337161797	24908.754246054432	0.24420000000000003
MCAR	0.5236842105263158	lin	ev	0.999999999998589	0.9999999999985824	0.9999999999986059	0.8915489498636466	0.8902936055036645	0.8924720244467816	0.8915442919468572	0.8902835297510051	0.8924968669695283	0.8729427556583822	0.871100098596817	0.8741538184989917	0.9039596991036006	0.9024505763158905	0.9051515300730105	0.9039596992538768	0.9024505762917505	0.9051515308685257	0.2548
MCAR	0.5236842105263158	lin	mae	0.07828352635425856	0.07801342559386057	0.0786791020509115	20041.09146611411	19831.81145471978	20236.10178737345	20041.385098136892	19834.555064545453	20236.27231512073	21194.716358884376	21024.04429233711	21376.810554930642	15806.417818832397	15597.371205531195	16228.636614669318	15806.41780583638	15597.371136194537	16228.636615736143	0.2548
MCAR	0.5236842105263158	lin	mse	0.009623980070062712	0.009509020925575621	0.009817355768975059	733768983.0630863	726125195.1143494	742276912.5922803	733801297.113631	726201727.0198585	742387427.4604826	859712533.8889606	850556828.1525367	867726677.0143375	649867577.1193361	630447780.3463904	666638819.5396162	649867576.1220586	630447775.0586847	666638819.7045859	0.2548
MCAR	0.5236842105263158	lin	rmse	0.0980980796576188	0.09751420883940772	0.09908257046007163	27087.27109950127	26946.710283712728	27244.759360146316	27087.85543571307	26948.130306569667	27246.787470461222	29319.654938592612	29164.307434817252	29457.200766779206	25488.41934363801	25108.7192095971	25819.349711788178	25488.41932376189	25108.719104300893	25819.34971498287	0.2548
MCAR	0.55	lin	ev	0.9999999999985644	0.9999999999985535	0.9999999999985884	0.8858553422108452	0.8852849813111635	0.8868064691573877	0.8858580413521361	0.8852774436653349	0.8867990745090768	0.8665427425110647	0.8651407017210426	0.8679202559105677	0.8999949334549594	0.8987449494380182	0.9014403196122894	0.8999949334595408	0.8987449494252594	0.9014403196004931	0.2702
MCAR	0.55	lin	mae	0.07814440173620098	0.07746498693029878	0.0784343198006207	20900.84904115292	20810.794954707853	20999.687446515625	20899.118093889258	20810.513522711633	21000.164224672262	22164.928153367004	21963.65742008909	22376.998368806555	16445.381928326755	16297.490201949011	16608.168155142823	16445.38192756187	16297.490200628528	16608.16815661246	0.2702
MCAR	0.55	lin	mse	0.009596705856581855	0.009567778418522856	0.009647772866427835	772264849.5869261	767335858.7208489	781688386.2826992	772247379.6334364	767288643.9510016	781746191.703674	902929690.9337991	889895369.5306438	919618489.3554078	676516422.5960674	673542769.4645435	681622000.4586546	676516422.566462	673542769.5451584	681622000.5445428	0.2702
MCAR	0.55	lin	rmse	0.09796005597215637	0.09781502143598833	0.09822307705640175	27789.115865625103	27700.827762376506	27958.69071116706	27788.790920003397	27699.975522570443	27959.72445686248	30047.452453309168	29831.114118159312	30325.21210734408	26009.576097508245	25952.7025464506	26107.89153605964	26009.576096944504	25952.702548003712	26107.891537704512	0.2702
MNAR	0.05	lin	ev	0.9999999999985747	0.9999999999985711	0.9999999999985989	0.9914631403477511	0.9911098747713966	0.9919212712867915	0.9914508007257956	0.9911014741263153	0.9919242567527315	0.9872634047751871	0.9865569587295181	0.9875440981126946	0.9926793989147183	0.9925020262340666	0.9927714728371786	0.9926793989117215	0.9925020262400469	0.9927714728330302	0.0242
MNAR	0.05	lin	mae	0.07832473243881563	0.07807219877090583	0.07857305105143383	2131.608657648576	1991.7543769154313	2340.850193315573	2132.65805794053	1994.2556334585256	2337.329278096574	2588.653422240459	2520.2077031411714	2680.8170543163	2278.71676665059	2087.4687981541992	2415.586205768601	2278.716764990038	2087.4687961188615	2415.586206449616	0.0242
MNAR	0.05	lin	mse	0.009643804512955982	0.009602423114210406	0.00966355972907489	57712300.25756536	55208877.40140913	59987829.73216955	57794781.22447325	55188475.15386269	60088544.72569684	86143335.95529553	85125952.08388102	89368519.17819937	49562988.08194026	49140694.807040855	50872518.29653808	49562988.10243793	49140694.83524158	50872518.27622607	0.0242
MNAR	0.05	lin	rmse	0.09820201858665255	0.09799195433406972	0.09830340649781619	7589.479013792261	7430.267653416607	7745.1810651636515	7594.665988251702	7428.894611842511	7751.680122766731	9277.451872456	9226.372639552395	9453.492432863071	7033.6186724787385	7010.042425480809	7132.497339399299	7033.6186738751185	7010.04242749226	7132.497337975394	0.0242
MNAR	0.07631578947368421	lin	ev	0.9999999999985741	0.9999999999985539	0.9999999999985946	0.9836262995275892	0.9831591793075019	0.9841625841283747	0.983623823297952	0.9831595698234817	0.9841269404007758	0.9793131079258288	0.9787970109717676	0.9800118061434098	0.9861541395202302	0.9846560001553383	0.9873609770642361	0.9861541395222766	0.9846560001630783	0.9873609770772397	0.0376
MNAR	0.07631578947368421	lin	mae	0.07833647602313809	0.07800981186718224	0.07833389476089762	3526.184370150348	3445.6786821837536	3561.6519198920896	3526.5918187045727	3447.1984361045784	3562.5115122321645	3820.132943612049	3741.363966851844	3965.410249019393	3435.336367748218	3286.6361902895705	3669.755564762645	3435.336362080943	3286.6361897183197	3669.7555622706855	0.0376
MNAR	0.07631578947368421	lin	mse	0.009622875606118922	0.009552544730897294	0.009627337320930976	110786683.48462236	107842667.27285522	114830967.16933513	110804545.2805227	107914031.09584501	114828304.39366105	139975266.31577116	136150354.8832108	144584097.71372086	93710657.40175188	86373276.35390551	103291715.43648958	93710657.38726798	86373276.26504079	103291715.38438593	0.0376
MNAR	0.07631578947368421	lin	rmse	0.09809429191601585	0.09773712053716999	0.09811899571913166	10521.916120720367	10384.732412193163	10715.921200220499	10522.788946831124	10388.167841147206	10715.796955600692	11825.821371141794	11668.348421400982	12024.312775111966	9665.49862159121	9293.72241644356	10163.253191596163	9665.498620981658	9293.722411662658	10163.253189032826	0.0376
MNAR	0.10263157894736842	lin	ev	0.9999999999985665	0.9999999999985641	0.9999999999985817	0.9780621570105987	0.9779519120498864	0.9784017813965713	0.9780439550242228	0.9779455631265574	0.9783927251649608	0.9725219219170022	0.9714963029803196	0.9742291748961112	0.981327333045917	0.9803890454389129	0.9819903512132593	0.9813273330369261	0.9803890454387417	0.9819903511844594	0.0512
MNAR	0.10263157894736842	lin	mae	0.07850622644596758	0.07809157002096248	0.0788402125955005	4683.706636742454	4615.29662818451	4883.014993222234	4686.278338743769	4612.877402865022	4879.9395438214315	4985.986181130256	4934.515712081718	5134.7214660490545	4123.2788323106815	3924.8201431920816	4373.512654405089	4123.278830398155	3924.8201303443698	4373.512656802296	0.0512
MNAR	0.10263157894736842	lin	mse	0.009683828067177696	0.009601316470057936	0.009756645952520978	148446683.90274167	146487300.23217916	149886461.87952214	148570299.79584536	146292127.77127647	149929622.885442	185919994.04327735	176117150.27547652	194357785.36215088	126375819.13056557	121236153.3122891	133719426.17776628	126375819.19108061	121236153.50616199	133719426.17893375	0.0512
MNAR	0.10263157894736842	lin	rmse	0.09840555673479497	0.09798630756415885	0.09877573564656948	12180.713060890277	12103.193802967015	12242.81266211005	12185.899800842908	12095.128266011752	12244.575243161438	13629.410431260569	13270.913694070823	13941.226106844078	11238.07370386265	11010.729009120563	11563.711609071124	11238.073706586896	11010.729017924381	11563.711609121603	0.0512
MNAR	0.12894736842105264	lin	ev	0.9999999999985683	0.9999999999985558	0.9999999999985841	0.972235276735186	0.9709366564947179	0.9739937453029205	0.9722277168816633	0.9708832905010478	0.9739789746572137	0.9661166286490234	0.9644183926795314	0.9684074313759025	0.9753535128805891	0.9747132210928319	0.9766643670549895	0.9753535128829534	0.9747132211023267	0.9766643670428631	0.0624
MNAR	0.12894736842105264	lin	mae	0.0783270067547478	0.07791756751026407	0.07849161490613629	5748.3100937149775	5505.337008127381	5955.925331325449	5748.660838380785	5501.539358978961	5955.7057554637495	6059.640777324387	5799.417128857779	6218.673224294851	5163.918731513437	4913.342604544871	5322.630664983535	5163.9187271929795	4913.342605762879	5322.630666658458	0.0624
MNAR	0.12894736842105264	lin	mse	0.00964118769488886	0.009542721098011079	0.00965120808887761	187819799.53008437	175067171.9847654	197577301.86183715	187871574.89796585	175166604.03303197	197940092.50354698	229238489.24032655	212686329.87153113	240891046.64476582	166828861.92500278	157089258.47812688	172806233.02523708	166828861.9089804	157089258.55975834	172806232.96035114	0.0624
MNAR	0.12894736842105264	lin	rmse	0.0981875264294955	0.0976868522269557	0.09824056233999076	13698.931620722611	13231.295174122804	14056.219330312015	13700.784230255527	13235.052097858625	14069.11839823473	15131.537466887767	14583.769398599634	15520.665148271379	12909.8630823641	12533.525381078018	13145.57845913359	12909.863081770647	12533.525384334542	13145.578456665615	0.0624
MNAR	0.15526315789473683	lin	ev	0.9999999999985789	0.99999999999858	0.9999999999985881	0.9673526483202037	0.9662737031878106	0.9682575519921999	0.9673482417556686	0.9663262546163676	0.9681758795861304	0.9611978446911804	0.9595671231328985	0.9626585308480483	0.9714150246610214	0.9710772348498858	0.9717110646003428	0.9714150246709741	0.9710772348714145	0.971711064595097	0.0762
MNAR	0.15526315789473683	lin	mae	0.07828044536335363	0.07794264329636029	0.07837725913827599	6790.683004934122	6734.470307157413	6988.940921773158	6790.058013653999	6739.579455577279	6992.070106439059	7119.0924255815335	7049.086724467429	7343.339052687118	5989.585929447631	5874.783395584675	6081.032348049812	5989.585928791511	5874.7833959859445	6081.032348599159	0.0762
MNAR	0.15526315789473683	lin	mse	0.009637216832708767	0.00957348741736467	0.009624392804885341	220967836.79823437	216923353.00454032	229111496.19535124	220998455.35876387	217481490.55486974	228767046.90462545	262613340.73733535	255198373.7504435	272192574.8309878	193414953.3746416	192312750.5199899	197213019.24903235	193414953.30838877	192312750.55565134	197213019.10223705	0.0762
MNAR	0.15526315789473683	lin	rmse	0.09816806032162946	0.09784419971242378	0.09810398975008784	14857.68164905381	14728.318064345987	15136.42944010744	14858.849421049821	14747.253661440483	15125.047005038545	16198.28832768185	15974.929538199644	16498.259751591613	13905.905616476715	13867.687280869508	14043.255293877995	13905.90561404358	13867.68728215528	14043.255288651455	0.0762
MNAR	0.18157894736842106	lin	ev	0.9999999999985641	0.9999999999985615	0.999999999998582	0.960243797068679	0.959258511884224	0.9599549944366863	0.9602411601867601	0.9592650222162892	0.9599313820636483	0.9523029990494558	0.9512245368064611	0.9522047627162721	0.9662044776715353	0.9653592755303322	0.9668728592186346	0.9662044776718014	0.9653592755213183	0.966872859231663	0.08779999999999999
MNAR	0.18157894736842106	lin	mae	0.07850495294579958	0.07798753662672486	0.0788824415123488	8074.860503634433	8185.222408720615	8213.052466872949	8075.506273481134	8183.549121288329	8212.591858470674	8451.09384537682	8540.487756538618	8599.851808162319	6714.827247053574	6752.288475424687	6847.31625811585	6714.8272477155	6752.2884774924	6847.316256830034	0.08779999999999999
MNAR	0.18157894736842106	lin	mse	0.00967099430133771	0.009571274687630181	0.00974307050668892	268990640.76162827	273258485.9781354	273661844.7242906	269008633.16367775	273211753.56734353	273823208.30691546	322711958.7827389	326635272.3754059	329331172.4029234	228604240.2233905	226386145.5166086	231223825.83395565	228604240.22113132	226386145.4275744	231223825.8310603	0.08779999999999999
MNAR	0.18157894736842106	lin	rmse	0.0983400852877614	0.09783289164504022	0.09870699320052718	16397.273803294986	16530.53193270366	16542.7278501549	16397.865294833806	16529.118354205813	16547.604307177382	17960.600670828262	18073.05376452485	18147.483913835644	15117.861186656184	15046.133905977595	15206.045700114006	15117.861186567801	15046.133903018888	15206.045700018802	0.08779999999999999
MNAR	0.20789473684210524	lin	ev	0.9999999999985804	0.9999999999985623	0.9999999999986037	0.9548773956951168	0.9542646163064756	0.9549803369588077	0.9548595051626286	0.9541996984787416	0.9549338221275011	0.945871445986777	0.9446746818688581	0.9467920183809481	0.9603956087781398	0.9590189129277902	0.9624378009977085	0.9603956087945864	0.959018912972811	0.9624378010017516	0.1014
MNAR	0.20789473684210524	lin	mae	0.07817497178394414	0.07780631730678396	0.0784598238126289	9130.133580982998	9070.326770938947	9280.675445714285	9134.082434981392	9069.093648721957	9280.02137469918	9579.565556046347	9551.892567384717	9670.04810911041	7602.7335971949	7314.1119755699365	7820.183932812338	7602.733596646018	7314.111973250984	7820.183930847692	0.1014
MNAR	0.20789473684210524	lin	mse	0.009584574786927882	0.00952743793877895	0.009641953398575506	305227037.7473442	303544565.51911664	311851686.99809843	305349698.52834547	303514997.2061117	312294336.26569235	366194559.4286965	361174242.8174834	373280185.2107943	267846842.65208936	256694699.53289738	275873750.4558432	267846842.5407529	256694699.50526717	275873750.15277433	0.1014
MNAR	0.20789473684210524	lin	rmse	0.09789986653192295	0.09760859561933544	0.09819344885772933	17468.6809462676	17422.530399431555	17659.322948462617	17472.157082801714	17421.681813364394	17671.851523416903	19135.080848076326	19004.584784137838	19320.460274299738	16362.621445202996	16021.69465234241	16609.447626451736	16362.621441821015	16021.694651480135	16609.447617328347	0.1014
MNAR	0.23421052631578948	lin	ev	0.9999999999985711	0.9999999999985708	0.9999999999986002	0.9487908829551583	0.9481492951003044	0.948641119683443	0.9487946629140798	0.9481651306595986	0.9486999762733458	0.9408720249513077	0.9391183909987226	0.9420704117993207	0.9570062562147268	0.9556383645036619	0.9585485048052641	0.9570062561932527	0.9556383644596224	0.95854850480543	0.11540000000000002
MNAR	0.23421052631578948	lin	mae	0.07846399368094129	0.07824060992423762	0.07851673627978567	10254.91372805693	10216.21052386198	10347.977231974864	10254.811703966076	10208.777157240193	10353.560159520439	10624.150106790748	10634.93679880988	10704.844690138982	8279.004047897488	8216.067479274716	8477.080745094856	8279.004048373896	8216.06748115543	8477.080745532892	0.11540000000000002
MNAR	0.23421052631578948	lin	mse	0.00966977449853526	0.00959368216217627	0.009722679561696186	346495611.75475305	341377063.03088874	352489463.98250145	346471945.55836415	340985849.4826734	352381811.29353076	400019603.91971475	395798795.44803834	407955620.768055	290880224.8664436	283273593.8477121	300759355.3887781	290880225.01145804	283273593.84657836	300759355.44759476	0.11540000000000002
MNAR	0.23421052631578948	lin	rmse	0.09833359312089379	0.09794734382399693	0.09860364882546785	18613.16966178474	18476.392045821303	18774.702766821676	18612.504537342862	18465.802161906573	18771.83558668493	19998.795637252646	19894.692645226725	20197.91129716276	17051.35044470494	16830.73360990875	17342.414923786655	17051.350448870046	16830.73360987507	17342.4149254824	0.11540000000000002
MNAR	0.26052631578947366	lin	ev	0.9999999999985697	0.9999999999985434	0.9999999999985995	0.9424216735662349	0.9417237899411065	0.9442443985992192	0.9424005546019973	0.9416803561737827	0.9443023049394792	0.9338694581987816	0.9324409793096944	0.9368887178688228	0.9490712076648778	0.9494780262629762	0.9499525393176749	0.9490712076682849	0.9494780263612912	0.9499525393448619	0.1276
MNAR	0.26052631578947366	lin	mae	0.07826472306194777	0.07794544677427477	0.07831467880825982	11414.360679430742	11346.547112910132	11450.698652799403	11418.728622583687	11339.060587222795	11457.71995447389	11807.183251959685	11689.121117091392	11877.27341523859	9439.359644223148	9376.720132451424	9494.467018188217	9439.35964450163	9376.720147657501	9494.467015015933	0.1276
MNAR	0.26052631578947366	lin	mse	0.00962207521930202	0.009559443948024018	0.009654494894689485	389486252.4580306	380175631.0374825	396171085.5489568	389629615.94761646	379780790.35966086	396466355.31225836	447347017.8770113	431254667.3333651	459277230.32378566	344591578.50628537	336906160.02685463	343764351.21801287	344591578.4876214	336906159.8438387	343764352.4594533	0.1276
MNAR	0.26052631578947366	lin	rmse	0.09809051352767104	0.09777240893024994	0.09825728927000524	19732.285968011733	19498.093010278786	19904.046964096444	19736.00086934397	19487.96526987004	19911.462912409483	21146.137028930087	20766.67203317289	21430.754310657983	18560.659503924056	18355.003678203244	18540.883237268197	18560.659503409195	18355.003673217794	18540.883270746657	0.1276
MNAR	0.2868421052631579	lin	ev	0.9999999999985827	0.9999999999985612	0.9999999999985895	0.9387902089875755	0.9378335480414757	0.9395910477407425	0.9387455562572093	0.9378120234290193	0.9395506074652529	0.9292878391394135	0.9285640288316358	0.9295166837601481	0.9481355194508264	0.9465672170222788	0.9490046438639601	0.9481355194431742	0.9465672170280337	0.9490046438768821	0.14040000000000002
MNAR	0.2868421052631579	lin	mae	0.07826007696261635	0.07756851843800038	0.07885592472539715	12233.350729596545	12186.730262251307	12308.641081237976	12239.799164611415	12193.509795901587	12309.685388360123	12712.16769246402	12648.640244258071	12827.560046549219	9812.178389431578	9647.580591318967	9965.37533939861	9812.178389163664	9647.580589690266	9965.375339211494	0.14040000000000002
MNAR	0.2868421052631579	lin	mse	0.009622942769647428	0.009519254877252996	0.009658958090935445	414101510.1217419	406771390.77688706	422617578.12057877	414405052.65647346	407585490.13207716	422763905.9115293	478399007.44339675	474827391.2402803	484178561.3677684	350889171.2585122	347717381.06888425	358571175.05037946	350889171.30923426	347717380.9807741	358571175.3412952	0.14040000000000002
MNAR	0.2868421052631579	lin	rmse	0.09809365276647568	0.09756666888468109	0.09827999842763249	20348.70781716983	20168.574336746933	20557.66470493618	20356.199313100587	20188.746621127255	20561.223356394174	21871.907503113984	21790.53444136422	22004.05783867531	18728.68829056177	18647.181585131955	18935.97568255672	18728.68829189674	18647.181582769394	18935.975690238283	0.14040000000000002
MNAR	0.3131578947368421	lin	ev	0.9999999999985745	0.9999999999985709	0.9999999999986038	0.9331567762780081	0.9322313756077579	0.9339450558296524	0.9331387661008229	0.9322642359408625	0.9339022241632537	0.9227392523555867	0.9204818931009592	0.9247123136754329	0.9409560368769079	0.9402914495107982	0.9422044941399013	0.9409560368784439	0.9402914495035899	0.9422044941321489	0.1518
MNAR	0.3131578947368421	lin	mae	0.07826346792083907	0.07750499924495842	0.07880243268081685	13268.601059442619	13220.134037556365	13309.77895945132	13270.411059181288	13209.56346804053	13304.393603305583	13731.790535192758	13686.6314002917	13811.10462889628	10768.898458670263	10748.815804766078	10874.783042099212	10768.898459146305	10748.815805268941	10874.783041764718	0.1518
MNAR	0.3131578947368421	lin	mse	0.009653266545443243	0.009435533561520782	0.009840479463248312	452174433.14062184	449052176.0319712	456883750.50056773	452300330.8200057	449343352.61596435	456435815.4278462	522622667.5765165	514505391.14874876	531969729.5588833	399416511.0954361	394084941.4133633	400883150.18838865	399416511.08488643	394084941.4662238	400883150.11116683	0.1518
MNAR	0.3131578947368421	lin	rmse	0.09824580738123856	0.09713667464722468	0.09919919083968534	21263.73424325309	21190.851234246613	21374.839192390846	21266.69144875317	21197.720458010677	21364.358530689522	22859.962236350002	22682.711283017925	23064.468984975207	19983.97707683745	19851.57276926348	20022.066581359395	19983.97707658565	19851.572770594874	20022.066579430975	0.1518
MNAR	0.3394736842105263	lin	ev	0.9999999999985872	0.9999999999985716	0.9999999999986064	0.9281496658537511	0.9277281249121154	0.92972638223575	0.9281381623781393	0.9276840327169944	0.9297652707548351	0.9155076694419961	0.9146901646008505	0.9166897476385741	0.9340821687839858	0.9317464065431177	0.9359632491054639	0.9340821687857099	0.9317464065446939	0.9359632491106016	0.16620000000000001
MNAR	0.3394736842105263	lin	mae	0.07816097829413224	0.07810130156859414	0.07827841638189924	14229.506058640962	14123.423368107098	14258.73321590041	14230.402322987818	14125.086801840776	14252.882330290382	14892.485062673022	14771.445412592486	15101.486130622092	11761.945712297447	11565.409534390847	11905.770365669012	11761.945711536931	11565.409533426771	11905.770366102204	0.16620000000000001
MNAR	0.3394736842105263	lin	mse	0.009594773772255654	0.009542651171024182	0.009648130078561244	486063474.4629114	479168304.30666715	488877719.0102022	486139139.69537723	478903138.71053314	488724462.9188422	571645758.1439813	560348608.7956935	583013362.1485248	445980305.60625774	432932540.89723945	459464991.15215373	445980305.59441644	432932540.9137243	459464991.1415436	0.16620000000000001
MNAR	0.3394736842105263	lin	rmse	0.09795226745840101	0.09768649431228547	0.09822489541130214	22045.509930050077	21889.91330057447	22110.579345874277	22047.188796960614	21883.855663720075	22107.113400868107	23907.378231465816	23671.68369161124	24145.669635537648	21115.430867970153	20807.03104475118	21435.1345027773	21115.430867697192	20807.03104514732	21435.134502529803	0.16620000000000001
MNAR	0.3657894736842105	lin	ev	0.9999999999985659	0.9999999999985488	0.999999999998595	0.9213277628284958	0.9209620658726557	0.9215109169930749	0.9213174516364064	0.9208538805395844	0.9215695210379693	0.9092669637112174	0.9080763582355884	0.9098957154510909	0.9297021736763582	0.9290242814620213	0.9307445917660897	0.9297021736367052	0.9290242814598505	0.9307445917650348	0.1786
MNAR	0.3657894736842105	lin	mae	0.07839169632780704	0.07790512639890841	0.0787948209362866	15390.49444879356	15234.3147232082	15515.186262314906	15392.0576536814	15226.004518637748	15521.916994214445	15960.246905802782	15742.297634663175	16090.125948950888	12400.242264513327	12238.327568259689	12541.479346456052	12400.242263855065	12238.327567022878	12541.4793466533	0.1786
MNAR	0.3657894736842105	lin	mse	0.009654573389723094	0.00958221099138937	0.009735194056754291	532326148.9969676	521708660.15265965	538928748.4636706	532398263.49936485	521319125.24449086	539666421.921334	613983369.5757716	598930350.6963449	624913107.5858357	475680870.74320364	465601119.213069	483955654.77905357	475680871.0060824	465601119.1043745	483955654.7938558	0.1786
MNAR	0.3657894736842105	lin	rmse	0.09825630287163999	0.09788876846395285	0.09866708699842258	23070.919216145092	22840.942628373716	23214.83897130606	23072.44856009096	22832.413916283378	23230.721510993455	24777.157073548507	24473.053562977075	24998.262091310182	21808.258708844478	21577.792269207454	21998.992130983035	21808.25871497254	21577.79226668879	21998.992131319465	0.1786
MNAR	0.3921052631578947	lin	ev	0.9999999999985905	0.9999999999985754	0.9999999999986172	0.9178617222520009	0.9173123989432975	0.9184233226902849	0.9178485768772479	0.9173451890223501	0.9184246136683005	0.9042510341112949	0.9032553602463909	0.9054848319860404	0.9270351548975787	0.9229273866657056	0.9295199787492006	0.9270351549136621	0.9229273866566471	0.9295199787499248	0.19119999999999998
MNAR	0.3921052631578947	lin	mae	0.07825898220165362	0.07776298469282064	0.07844263118742084	16093.742041594236	15915.328456470634	16259.181464259436	16094.89602568393	15916.984274203069	16258.583531382981	16762.454563993302	16634.640379888384	16900.03093460897	12981.233181700283	12888.782428579732	13207.987844007566	12981.23318100646	12888.78242894677	13207.987843893405	0.19119999999999998
MNAR	0.3921052631578947	lin	mse	0.009558498096609018	0.00943984957037113	0.009659891968761143	555740338.907649	548829903.8117392	563814399.2877324	555830226.8656313	548825826.7677419	563590816.5681059	647853532.0475681	639758098.7873485	653910350.1785017	493886132.5522264	479134564.51997936	525527994.9264958	493886132.44497526	479134564.5150563	525527994.9882627	0.19119999999999998
MNAR	0.3921052631578947	lin	rmse	0.09776456288059868	0.09715888827261833	0.098284749421063	23573.37427300891	23427.11898231917	23744.7762526357	23575.259097743783	23427.031966677765	23740.067745651148	25452.070654943185	25293.439836988335	25571.670852302588	22213.475784569193	21889.14261728813	22924.397373246167	22213.475782066944	21889.142617175676	22924.397374593354	0.19119999999999998
MNAR	0.4184210526315789	lin	ev	0.999999999998589	0.9999999999985792	0.9999999999985952	0.913790721461171	0.9136192013045621	0.9149001576275223	0.9137323007395759	0.9134340709977044	0.9149010506310841	0.899914008090238	0.8972537060947664	0.9023380913769266	0.9181595395555027	0.9154613943720815	0.9215542717236399	0.9181595395395761	0.9154613943501994	0.9215542717256643	0.2052
MNAR	0.4184210526315789	lin	mae	0.07809318178218061	0.0781360586932063	0.078267908877753	16960.28160385073	16932.89681101089	16946.50785073167	16968.497556342274	16922.8414664728	16975.354689877553	17716.16054351931	17431.161401037905	17888.32693778965	14050.330646654998	13888.329100726905	14380.100440273598	14050.330648705687	13888.329101062269	14380.100440719265	0.2052
MNAR	0.4184210526315789	lin	mse	0.009580528767362168	0.00956240843183265	0.009677731326009681	583306193.8808985	571211331.2120632	586168410.4255805	583702439.6304567	572715544.7713273	585482812.1447433	677217484.9331791	649193071.7992252	698496639.6158344	553717199.1876836	536086895.45335484	576435675.2355415	553717199.2940485	536086895.4395202	576435675.384747	0.2052
MNAR	0.4184210526315789	lin	rmse	0.09787864515637336	0.09778756787972921	0.09837546099515712	24149.46120363826	23900.027849608527	24210.915109214286	24157.74454469541	23931.476025755856	24196.75209908849	26019.064971680615	25479.267489455524	26429.086999286115	23526.778896520707	23153.550385488503	24009.074851720994	23526.77889875406	23153.550385189745	24009.074854828268	0.2052
MNAR	0.44473684210526315	lin	ev	0.9999999999985654	0.9999999999985503	0.9999999999985973	0.9081426288202812	0.9070813338427632	0.9085900722108532	0.908134500429863	0.9072110293492444	0.908576169516528	0.8934171124857437	0.8927250350658408	0.894293854839163	0.9146394898768486	0.9140187740394018	0.9147216744665717	0.9146394898774922	0.9140187740441081	0.9147216744669319	0.2166
MNAR	0.44473684210526315	lin	mae	0.0780246199205737	0.07759842629075465	0.07850719772633934	17908.643714779937	17861.51777535594	18001.439674303765	17910.280361766367	17862.199965723088	18006.675320500617	18665.752128572953	18535.765158295253	18726.04791582062	14655.42097699822	14508.101382128783	14732.187023236344	14655.420977596727	14508.101382989362	14732.187025360805	0.2166
MNAR	0.44473684210526315	lin	mse	0.009568699303919579	0.009498970254578425	0.009691387765824922	621419237.4601494	615347259.179719	625878805.7962291	621474752.811195	615440848.4107268	626342214.9925444	721074053.212513	712906278.9871107	729277393.7123535	577432436.5398942	574070947.8020337	585801797.0288683	577432436.5351207	574070947.799609	585801797.097277	0.2166
MNAR	0.44473684210526315	lin	rmse	0.09781655868696251	0.09746266082238071	0.0984448463141922	24927.803772545267	24806.19396803385	25017.569941867438	24928.957722302588	24808.080304826628	25026.829902977013	26852.423798536816	26700.304848205586	27005.136432026287	24028.997650104913	23959.7777076924	24203.34268296155	24028.99765000015	23959.7777076418	24203.342684374755	0.2166
MNAR	0.47105263157894733	lin	ev	0.9999999999985858	0.9999999999985864	0.999999999998598	0.9041281883844823	0.9026653937014836	0.9051541928852956	0.9041250722870107	0.902795105129898	0.905203631173764	0.8879564983549291	0.8869053027713654	0.8889380145416572	0.9117025995543295	0.9087139765442777	0.9124769959790477	0.9117025995546248	0.9087139765332836	0.9124769959789502	0.23000000000000004
MNAR	0.47105263157894733	lin	mae	0.07781164183175708	0.07762151570508702	0.07794296673830034	18579.109975428903	18422.583604325886	18702.498851093198	18581.121644909734	18408.1944706181	18694.60711566714	19503.443733226442	19348.848958722338	19618.80130056722	15130.457394704641	15074.88945741295	15281.999363773366	15130.457395707237	15074.889460979888	15281.999364185125	0.23000000000000004
MNAR	0.47105263157894733	lin	mse	0.009553828997420468	0.009507026797367727	0.009567346135617223	648667915.1478455	644777111.0445622	657640858.5547518	648689547.5506483	644441021.5770006	657266456.4508022	758081220.1885931	755040204.4697614	769716604.4111484	597359359.3491368	595862306.8058953	616368298.239283	597359359.3477254	595862306.88181	616368298.1473325	0.23000000000000004
MNAR	0.47105263157894733	lin	rmse	0.09774337021111631	0.0975039834948692	0.0978128117151185	25467.299562030683	25392.46169721562	25644.509325677333	25467.842240009344	25385.842936113044	25637.20843716808	27532.28945495041	27477.994913562405	27743.766947030614	24435.925630024456	24410.29100207319	24826.765762766663	24435.925629985104	24410.29100362816	24826.765760914823	0.23000000000000004
MNAR	0.4973684210526315	lin	ev	0.9999999999985828	0.9999999999985547	0.9999999999986198	0.900180388779717	0.8988941852838087	0.901100313992356	0.9001249621887049	0.8988800393362987	0.9008977647205072	0.8832601273565723	0.8827681271070299	0.8838062607171313	0.9041641525982016	0.9007507232819575	0.9070832630884317	0.9041641525914205	0.9007507232576832	0.9070832630854463	0.2432
MNAR	0.4973684210526315	lin	mae	0.0780467729278903	0.07784160855010895	0.07819032322857371	19341.88504721598	19306.164907373735	19373.569530115117	19346.482508850055	19314.18526080964	19393.90634523193	20404.716845865372	20409.747205733147	20477.45080839569	15959.877279035147	15897.936706651712	16074.197550398323	15959.877279594733	15897.936707030709	16074.197552452117	0.2432
MNAR	0.4973684210526315	lin	mse	0.009536802107467778	0.009495915095943195	0.009557431817211548	675290259.2841136	672039691.4889841	675866319.2770292	675667934.9223557	672133718.110768	677250512.0521821	789854270.288666	789935486.704557	791994321.1065539	648227426.2185943	633562874.434434	663034739.724401	648227426.2643943	633562874.4547898	663034739.7325728	0.2432
MNAR	0.4973684210526315	lin	rmse	0.09765626409554352	0.09744698607932005	0.09776211851842997	25986.20276878135	25923.728348541692	25997.429089758647	25993.46570957923	25925.541809396538	26024.037197410053	28104.14540745683	28105.790981656377	28142.39366341381	25458.496499120705	25170.67489032493	25749.460959880325	25458.496500010613	25170.674890729286	25749.460960039003	0.2432
MNAR	0.5236842105263158	lin	ev	0.9999999999985812	0.9999999999985474	0.9999999999986104	0.8973082962046641	0.8969163747549325	0.8984913606244207	0.897247927041121	0.896829821852283	0.8984107293629524	0.8783580007026505	0.878194875865304	0.8792264746450345	0.9006138304843392	0.8972823481117966	0.903943836287518	0.900613830489631	0.8972823481065351	0.9039438362969591	0.25579999999999997
MNAR	0.5236842105263158	lin	mae	0.07801829041841818	0.07722287968370037	0.07871605768375818	19892.88554150121	19779.140149665203	20013.5679159534	19900.51488232337	19773.999615561228	20023.447524392872	21083.14241606972	21082.181530940303	21159.18246348168	16552.140913650586	16447.885496004623	16861.755374301218	16552.140913112446	16447.885496983603	16861.755370512157	0.25579999999999997
MNAR	0.5236842105263158	lin	mse	0.009563605601033993	0.009477986562695022	0.009742622025464323	694818546.5588814	683315414.8120799	704458762.0503824	695224751.247822	683871880.8833386	705050252.2168114	823065726.3112955	820024375.4773698	828325634.7932498	672457496.6684468	656434094.3125865	698291182.8422713	672457496.6329538	656434094.2480674	698291182.8780401	0.25579999999999997
MNAR	0.5236842105263158	lin	rmse	0.097782177382013	0.09735495140307462	0.09870472139398562	26358.359142687503	26140.302500393525	26541.642037567726	26366.074801166513	26150.944168104877	26552.782381829806	28688.202628910105	28636.067737686502	28780.646879339765	25926.301520082085	25620.96981600397	26425.199769202718	25926.301519403605	25620.96981474486	26425.19976987951	0.25579999999999997
MNAR	0.55	lin	ev	0.9999999999985965	0.999999999998584	0.9999999999986264	0.8926759942173483	0.8918887963556221	0.8935150258103896	0.8926398018540496	0.8918671869837409	0.8935440586308715	0.8733450630378077	0.8723157435500214	0.8731344674726936	0.8979988554343802	0.895773549624162	0.9000173674764913	0.8979988554355625	0.8957735496475463	0.9000173674588423	0.2694
MNAR	0.55	lin	mae	0.07751395058301368	0.0769467918877612	0.07789970198241626	20569.744693796812	20371.167462386304	20790.15449398362	20575.208564376477	20379.504587752865	20796.022096322067	21788.940985391375	21615.387896381282	21969.90550230285	17204.909957248754	16972.032728599475	17445.54858092936	17204.90995783428	16972.03273019027	17445.5485820327	0.2694
MNAR	0.55	lin	mse	0.009463924147856502	0.009389590252111323	0.009457563316174308	726108886.3986404	715110383.6851462	737167998.1044482	726352221.8567947	715744528.9904535	737315343.9564321	856968958.3055737	848708359.573292	866981400.4201512	690144747.2524828	679698079.5911592	709379768.9802442	690144747.2442019	679698079.7111397	709379768.9700836	0.2694
MNAR	0.55	lin	rmse	0.09728102334745431	0.09689989810165603	0.09725000419626885	26945.66811402793	26741.547892467748	27150.837889546765	26950.21194224659	26753.402194682705	27153.55122182791	29273.439607991553	29132.59960204877	29444.547889552512	26268.369751996972	26071.019918506434	26634.184218410825	26268.36975185442	26071.019920807466	26634.18421822008	0.2694
