missing_type	missing_rows_proportion	model	evaluation_metric	drop	drop_lower	drop_upper	mean	mean_lower	mean_upper	median	median_lower	median_upper	random	random_lower	random_upper	regression	regression_lower	regression_upper	stochastic	stochastic_lower	stochastic_upper	missing_cells_proportion
MAR	0.05	lin	ev	0.9999996420569255	0.9999996429371236	0.9999996452422599	0.9825369678736211	0.9823443204788299	0.9827824911780839	0.9826131329565735	0.9823454467812694	0.9828615436227166	0.9648986520746415	0.9639107308683914	0.9664092304862393	0.9100418572512627	0.9074892990696917	0.9137970949355287	0.910041857244902	0.9074892989171434	0.9137970947828229	0.0246
MAR	0.05	lin	mae	3.937112006542722	3.923405386794102	3.956419440293675	438.5291390123851	432.0863500298802	440.82536700230156	437.1603985125638	428.9448249331241	438.49342615342533	646.484455813805	644.6569018320976	652.4502042315567	1659.1659191881677	1609.7084603459575	1706.7812034541566	1659.165919987788	1609.7084590247289	1706.7812031742717	0.0246
MAR	0.05	lin	mse	24.593108847137813	24.393658067962445	24.757384248625474	1199239.6123926572	1186508.1768680154	1203035.535650448	1193983.9580335815	1181060.4449732197	1202958.7908354409	2410167.4512644387	2337113.1423385106	2459502.7815913707	6178880.378613536	5895310.206917746	6375179.141008086	6178880.379049341	5895310.206895317	6375179.15152063	0.0246
MAR	0.05	lin	rmse	4.959098242200426	4.9389936290668	4.975679275096565	1094.9021612326335	1089.2695611592271	1096.8297660304665	1092.5220933377864	1086.7660488684855	1096.794780638311	1552.2568615524917	1528.7619639232626	1568.2801986862457	2485.060621552283	2428.0259897533524	2524.911709547105	2485.0606216492997	2428.0259897487335	2524.91171162887	0.0246
MAR	0.07631578947368421	lin	ev	0.9999996424038227	0.9999996408174817	0.9999996477327522	0.9749063937073584	0.9743132952255478	0.9758751876786782	0.9749427621847314	0.974407604056608	0.9759211173591023	0.9544804974704334	0.9547905930781969	0.9548212354461121	0.8870410858125787	0.8843904083950286	0.8880559211589724	0.8870410858491852	0.8843904084148786	0.8880559211228592	0.0372
MAR	0.07631578947368421	lin	mae	3.9417954723109467	3.9222770161070484	3.9601157409903363	576.5568077585237	568.3545749537082	577.5705107538688	576.0987959114939	568.1208895705187	576.895385354363	808.3164940162912	804.9576310257582	810.2227724613712	1990.9400103553558	1953.3546739062779	2035.1240147397245	1990.9400099493898	1953.354673700763	2035.1240142976933	0.0372
MAR	0.07631578947368421	lin	mse	24.62995097521426	24.424618634851726	24.708607249088505	1722966.1485236944	1662510.3771237133	1775390.5919882546	1720452.6428152374	1659345.2304147584	1768872.2388995271	3126076.752597435	3058154.551351401	3145691.0336616724	7757859.720780037	7597883.146878873	8011098.656780059	7757859.718291752	7597883.138780444	8011098.653023192	0.0372
MAR	0.07631578947368421	lin	rmse	4.96276719048992	4.942126934311959	4.970775316697437	1312.4511720618689	1289.3837198924582	1332.4378379452658	1311.4924857816316	1288.1557477319109	1329.9895634551149	1767.7086553971021	1748.7580025124691	1773.6096057649418	2784.965196047227	2756.4257920137943	2830.3884286048196	2784.9651955994304	2756.4257905447853	2830.388427941153	0.0372
MAR	0.10263157894736842	lin	ev	0.9999996411742421	0.9999996359859245	0.9999996446748866	0.9634234374472405	0.9605872330396942	0.9659585386926921	0.9635196937556636	0.9606850104210937	0.965876523970441	0.9374641375900691	0.9352551162509176	0.9391213941111552	0.8716366499305929	0.8686107912513942	0.8731032368286372	0.8716366499045201	0.8686107912912651	0.8731032367418874	0.0506
MAR	0.10263157894736842	lin	mae	3.94770270132896	3.9334750465995363	3.9648438492499856	720.5329383044043	707.6365051237885	722.2442043797396	719.4225575225596	706.2564760712932	722.5459526945024	982.9310727750978	962.8669556873018	1018.9266459553139	2164.3088620472136	2145.4221900307525	2194.3624574907058	2164.308861173712	2145.4221903297002	2194.3624542181105	0.0506
MAR	0.10263157894736842	lin	mse	24.694437097913156	24.658295721444972	24.988783034343573	2511698.7974682366	2304066.0475754472	2693612.4371653064	2505055.737654903	2309617.141144381	2681789.308176523	4294953.3884533625	4120621.537652931	4412232.1420352105	8813502.888673078	8744821.836783582	8956443.812882494	8813502.890486488	8744821.842761762	8956443.817464542	0.0506
MAR	0.10263157894736842	lin	rmse	4.969251227143022	4.96571200548773	4.998878177585804	1583.0232423211678	1517.9150330553575	1641.2228481121344	1580.9996253435295	1519.742458821356	1637.6169601517088	2071.9699565617275	2029.9314120563117	2100.531395155809	2968.457918932754	2957.1644926827425	2992.7318311005574	2968.457919240888	2957.1644936935386	2992.7318318660864	0.0506
MAR	0.12894736842105264	lin	ev	0.9999996459115146	0.9999996452279227	0.9999996508389892	0.9559215629280228	0.9534428381077185	0.9592654167731678	0.9560323541737119	0.953634167739582	0.9593186658207927	0.9281366825953319	0.928016937936293	0.9309012541621979	0.8605679341368624	0.8592609282065015	0.861968169400313	0.8605679341145551	0.8592609282037595	0.8619681694046323	0.0628
MAR	0.12894736842105264	lin	mae	3.9241433010174753	3.8993191954216675	3.9483734654098748	824.8403532805607	806.2072492708315	824.5124421881794	823.9302385989295	806.7324696184971	822.1076249126036	1129.7918777355171	1099.899139322027	1126.3906451441167	2317.8298721455094	2294.6010006990423	2343.822339835067	2317.8298721468295	2294.6010007344316	2343.822339581445	0.0628
MAR	0.12894736842105264	lin	mse	24.419192553775748	24.231631713238798	24.633638589162693	3027757.2516501327	2833455.617746675	3217896.103802335	3020133.198158273	2829751.6688860073	3204671.954135737	4936387.750326509	4806922.710852234	4975432.985108734	9577062.23292121	9525798.964954225	9774687.69668657	9577062.234473325	9525798.965139808	9774687.705151204	0.0628
MAR	0.12894736842105264	lin	rmse	4.941445747634868	4.9225635306452675	4.963228645666316	1738.4097537202895	1683.2871465518517	1793.8495209471544	1736.312045751371	1682.1865737444248	1790.1597565959685	2220.959873642263	2192.46954616301	2230.567861578915	3094.4172761836066	3086.389308715643	3126.449695211258	3094.417276431911	3086.3893087457077	3126.449696564972	0.0628
MAR	0.15526315789473683	lin	ev	0.9999996418135803	0.9999996401804369	0.9999996452645187	0.9454991400438448	0.9436849345963948	0.9471390293863159	0.9456458771010615	0.9438268995996584	0.9470768872644401	0.9135288135695057	0.9110705447820578	0.9144798635845772	0.8465124200800609	0.8434905148177143	0.8488002170133164	0.8465124200726288	0.8434905148056702	0.8488002170204381	0.077
MAR	0.15526315789473683	lin	mae	3.941547816775266	3.935079633612007	3.9600639171645207	952.2077763357784	930.8727253804617	973.7992150510375	951.2543835760105	932.7937709720288	972.2616539207385	1298.8909610735525	1292.8730757721812	1318.844655265835	2444.419869958083	2424.6637252688215	2482.301102364419	2444.419870135296	2424.6637252085757	2482.3011028894157	0.077
MAR	0.15526315789473683	lin	mse	24.647929943483042	24.564311618392683	24.832222112815785	3742527.251346604	3676954.623810272	3811635.140809372	3732448.10347849	3680927.1411146075	3802026.36576265	5939117.162469504	5827313.871427119	6186992.292618314	10541374.548295513	10302560.810390228	10789358.8841133	10541374.548810346	10302560.809904968	10789358.887628293	0.077
MAR	0.15526315789473683	lin	rmse	4.9645307274494455	4.956239665148638	4.983193967007082	1934.1730930474018	1917.5386889995916	1952.3409386706442	1931.550751173842	1918.574246964294	1949.8785515417749	2436.235080717789	2413.9829890509004	2487.3665376494705	3246.3334200870595	3209.7602418857127	3284.7159518158187	3246.333420160965	3209.7602418101214	3284.7159523508717	0.077
MAR	0.18157894736842106	lin	ev	0.9999996452971024	0.9999996452590116	0.9999996483685784	0.9363849325192588	0.9363376251427895	0.937002860194991	0.9366069363971045	0.936479674610213	0.9370696423719046	0.9011292555908212	0.8986897504504159	0.9025186438254044	0.8406092286326874	0.8382563257350739	0.8450244129285815	0.840609228635266	0.8382563257468172	0.8450244129313753	0.08919999999999999
MAR	0.18157894736842106	lin	mae	3.9286016667799024	3.89720042639612	3.944409553296585	1069.0424270848966	1060.2854869892897	1066.631909843515	1067.1944265604307	1059.5478698008587	1066.1917930134748	1465.3458267960568	1451.4542309885971	1479.9496137618485	2502.5082464685684	2477.4394019225065	2523.682092470376	2502.5082464804423	2477.4394017430536	2523.682092478599	0.08919999999999999
MAR	0.18157894736842106	lin	mse	24.48658711377866	24.204816706764888	24.59714356956998	4368542.381499487	4337873.212146304	4382016.103822467	4353276.096844312	4328194.142194577	4377370.804439204	6790519.179183671	6642267.172936651	6949686.057967204	10947019.009096803	10764916.006156135	11145096.693213603	10947019.008922938	10764916.006388586	11145096.692961656	0.08919999999999999
MAR	0.18157894736842106	lin	rmse	4.948261445209906	4.919839093584757	4.959550742715511	2090.0649948727705	2082.7561576301496	2093.326564065547	2086.4015959155095	2080.4312394776657	2092.216720236984	2605.5912146383153	2577.2596246666053	2636.2257221200166	3308.379399500033	3280.9931432656385	3338.4272784072446	3308.3793994737134	3280.9931433010624	3338.42727836951	0.08919999999999999
MAR	0.20789473684210524	lin	ev	0.9999996449096189	0.9999996463268703	0.9999996498276387	0.9276260148859654	0.9229480897591253	0.9301546247944732	0.9278890720910626	0.923120387104972	0.9306246205493812	0.8901477916972071	0.8869795683354297	0.8942178687103334	0.8330944334798159	0.8298135706827406	0.8348530458509138	0.8330944335010575	0.8298135707489114	0.8348530458672756	0.1014
MAR	0.20789473684210524	lin	mae	3.935091525476332	3.8934644945695265	3.9743426809464277	1186.8282283981973	1155.8853625294023	1213.7884945598819	1184.5651374983804	1154.5969787307424	1211.5266239982539	1594.8395145666648	1566.8721258760513	1608.5070896785253	2574.8999510892904	2561.5048031420793	2583.1688810646306	2574.899951084439	2561.504803102265	2583.168881535472	0.1014
MAR	0.20789473684210524	lin	mse	24.50075795992914	24.134861458560902	24.93225802123753	4968454.990379827	4813246.193449569	5242314.297728061	4950377.213077666	4780857.430820809	5225055.009162548	7542418.254281175	7358256.721155915	7701076.10782815	11462657.660310239	11380752.785403892	11552508.821431097	11462657.65883983	11380752.784276357	11552508.821456974	0.1014
MAR	0.20789473684210524	lin	rmse	4.949634864605234	4.91272444358127	4.993221206920191	2228.246044953502	2193.9111635272675	2289.6100754774952	2224.175463755114	2186.5171919792465	2285.8379227676114	2745.989935531977	2712.610683669132	2775.081279499422	3385.4848187545745	3373.5371326552627	3398.898177561531	3385.4848185391393	3373.537132488148	3398.898177565338	0.1014
MAR	0.23421052631578948	lin	ev	0.9999996442297991	0.9999996416832525	0.9999996498773305	0.920890487832359	0.9202251323225079	0.9223341203771719	0.9210652860176667	0.9201986857991015	0.9223078955801304	0.8818854728206562	0.8798642814256386	0.8853386135887991	0.8273679120139755	0.8255514863029263	0.8286663232089059	0.8273679120346238	0.8255514863482352	0.8286663232241944	0.11400000000000002
MAR	0.23421052631578948	lin	mae	3.9226666947727074	3.913606293441014	3.9476613431299654	1276.582624996941	1270.4448787005706	1277.4133393242337	1274.8433528854453	1268.9199776106443	1277.443805890873	1721.8447958211023	1708.0562833558793	1722.9905834714227	2613.8984637011463	2590.042379903736	2628.7641901260954	2613.898463695675	2590.0423799724877	2628.7641900827866	0.11400000000000002
MAR	0.23421052631578948	lin	mse	24.398656807827386	24.32702870551949	24.617360431988605	5434157.349197475	5263455.32184514	5549057.559201783	5422124.032069078	5258521.023598917	5550897.152107364	8112833.031738791	7902326.395635179	8254294.84787161	11857162.572925141	11683229.15932422	12057375.70169598	11857162.571512371	11683229.155947093	12057375.698564362	0.11400000000000002
MAR	0.23421052631578948	lin	rmse	4.939390154183583	4.9322437800173144	4.9615884988568535	2330.9013687714496	2294.222160525249	2355.643767466079	2328.3387106406585	2293.1465333900746	2356.034200114116	2848.003947172603	2811.107681259325	2873.0288630418613	3443.293021251262	3418.073896118137	3472.3732088725687	3443.293021045617	3418.0738956241266	3472.3732084216354	0.11400000000000002
MAR	0.26052631578947366	lin	ev	0.9999996441352339	0.9999996408364644	0.9999996454099598	0.9103835528718405	0.9111755664070088	0.9130022658093323	0.9106570867038226	0.9114073473215851	0.9131087824834736	0.870279568353151	0.86945107987472	0.8706923591517208	0.8192607908170084	0.8157647448785083	0.8222409206822071	0.81926079082527	0.8157647449104225	0.8222409206379072	0.1268
MAR	0.26052631578947366	lin	mae	3.92888423981777	3.92674998204884	3.9387533094649525	1397.671883017342	1381.652783741951	1412.8498555539577	1395.490605511383	1379.7194559822706	1408.6294353140922	1852.470945536737	1847.9075858135486	1875.8990652499274	2669.7736085149854	2652.843606520476	2686.777515533643	2669.7736084160383	2652.843606652772	2686.7775152813797	0.1268
MAR	0.26052631578947366	lin	mse	24.430138781234472	24.439708898728185	24.55439802808329	6153578.378211187	6013031.261215948	6177903.562061745	6134771.954853661	5988443.9992834255	6162413.593994578	8910572.941397637	8815454.183850221	9012165.8926782	12412624.897938568	12263338.833202584	12493732.536692709	12412624.897369351	12263338.832540339	12493732.537318772	0.1268
MAR	0.26052631578947366	lin	rmse	4.942638964334456	4.943653395893383	4.955239452143891	2480.287468105438	2452.1482951110333	2485.538887658317	2476.505105115056	2447.1297471289554	2482.4209139456143	2984.970495593144	2969.0830543873676	3002.0269640158463	3523.0301648249356	3501.905029152359	3534.6474416400724	3523.0301647464594	3501.905029057804	3534.647441728633	0.1268
MAR	0.2868421052631579	lin	ev	0.9999996450084565	0.9999996385928329	0.9999996486846313	0.9020154273323241	0.898542511971255	0.9057632571558639	0.9021154665762428	0.8983904985216987	0.9061723587742616	0.861496686830308	0.8592690061434543	0.8634772550080134	0.8153622578037195	0.8127623363807219	0.8186506101434565	0.8153622578006466	0.8127623363458558	0.8186506101610844	0.14
MAR	0.2868421052631579	lin	mae	3.925797464087347	3.9089561729245363	3.938446791269116	1501.1753229000567	1475.5524556340495	1539.4463902426155	1500.015779373874	1472.6331091426969	1536.552059328933	1959.7790257630356	1946.6485047061815	1995.2625442611754	2719.1414516114855	2697.3715808694715	2725.028495816765	2719.141451614978	2697.3715804467033	2725.0284961080365	0.14
MAR	0.2868421052631579	lin	mse	24.511631580046647	24.34968719976811	24.59386254698305	6728245.116933947	6495679.654458011	6887967.958056606	6721301.146059568	6478754.645655051	6877348.782232271	9510947.784108792	9496484.318665033	9698243.653114475	12681912.599438615	12614476.613215484	12758136.13834945	12681912.599621799	12614476.611989304	12758136.140725179	0.14
MAR	0.2868421052631579	lin	rmse	4.950808861525394	4.934540221719558	4.959219953478879	2593.621756536998	2548.6623264877617	2624.493847974616	2592.2418163406933	2545.3397898227754	2622.4699773748166	3083.5096093885377	3081.6366298876046	3114.2003232153315	3560.8817437922967	3551.6864463541096	3571.8533198256405	3560.8817438213637	3551.6864461814903	3571.853320158203	0.14
MAR	0.3131578947368421	lin	ev	0.9999996415564392	0.9999996384764671	0.9999996433177799	0.8922349190405203	0.890236915980241	0.8940769857298762	0.8924921674036888	0.8907236419107539	0.894109783880442	0.8465369568604679	0.8429943399544932	0.8473273785777047	0.8081788427622607	0.8065332512413382	0.8105928002273686	0.8081788427360415	0.8065332512437347	0.8105928001758982	0.152
MAR	0.3131578947368421	lin	mae	3.9514025201683696	3.944466681515498	3.9544717045739173	1614.2265446197277	1605.932889205921	1641.1544196629143	1612.217193288215	1606.4506746683871	1636.577983707062	2097.448656814137	2106.4578393391453	2131.026149276531	2760.4704271657924	2747.5713359262068	2780.4700896493655	2760.470427229104	2747.5713362967404	2780.4700896498525	0.152
MAR	0.3131578947368421	lin	mse	24.72001304430684	24.565507108995632	24.917013156597726	7402901.021589746	7169305.061068253	7586506.265689418	7385160.580801889	7167085.147402975	7552865.179941091	10543453.977799421	10453590.991762342	10893470.608642	13175411.555451903	13009154.626525322	13371860.992862899	13175411.557249468	13009154.63051446	13371860.99269727	0.152
MAR	0.3131578947368421	lin	rmse	4.971804347987148	4.956360268281114	4.991694417389523	2720.4115644522644	2677.555799804787	2754.3613172003083	2717.173576015917	2677.141226645127	2748.2476562240695	3246.5521376785337	3233.2013534208386	3300.5258079042496	3629.455375995452	3606.820570325799	3656.7555281783466	3629.455376243625	3606.820570878798	3656.7555281556997	0.152
MAR	0.3394736842105263	lin	ev	0.9999996404165479	0.9999996360751447	0.9999996434713254	0.8828145592355702	0.879987776286728	0.8842220175802226	0.8830579213519141	0.8802229539280524	0.8847773549465161	0.835856543287783	0.8335996899737574	0.8371888414511272	0.8011530116322068	0.7991963745536526	0.8024100903634508	0.8011530116106007	0.7991963745552496	0.8024100902347509	0.16560000000000002
MAR	0.3394736842105263	lin	mae	3.93129483601352	3.919156905535853	3.956361876458089	1737.7874478451108	1724.621798750458	1748.7585211536054	1735.8826014394351	1719.6647879025775	1745.0844214574174	2230.1446291157467	2216.644764519273	2243.594074681659	2821.5772093696924	2807.8152417655506	2837.5495847819147	2821.5772094997774	2807.8152419705402	2837.5495847026427	0.16560000000000002
MAR	0.3394736842105263	lin	mse	24.595329543559284	24.517624238460627	24.78118387719244	8049256.095056122	7995477.943262128	8177480.207792602	8032585.891504882	7963855.3021178385	8161455.502577235	11276257.05253616	11220016.1679409	11459861.310527476	13656776.919897411	13552851.21461062	13758249.203238398	13656776.92135482	13552851.214366745	13758249.203762805	0.16560000000000002
MAR	0.3394736842105263	lin	rmse	4.95928820973497	4.951527465182903	4.978070296529815	2836.8684957171104	2827.62761750237	2859.6293829432866	2833.902680059646	2822.030351027047	2856.826123966461	3357.750144436069	3349.6292582823103	3385.241691597141	3695.423654039617	3681.4197281226466	3709.2113991033725	3695.423654239615	3681.419728089524	3709.2113991740625	0.16560000000000002
MAR	0.3657894736842105	lin	ev	0.9999996446402759	0.9999996378288976	0.9999996520005826	0.8764668762266732	0.8756278237915119	0.8787911256685551	0.8768182336644946	0.875550907960992	0.8787963514569941	0.8291933569274541	0.8282952329583297	0.8307131381764843	0.7958447418637433	0.7944539884909003	0.7963510169438022	0.7958447418338113	0.7944539884748606	0.7963510169216454	0.17920000000000003
MAR	0.3657894736842105	lin	mae	3.922238359499069	3.8569527044017122	3.9689159157132887	1826.195071347311	1800.1131024521055	1856.561709522161	1822.9328589537822	1797.688413499511	1851.31299495302	2320.7119616310924	2306.8295667931116	2355.3517574799585	2862.3246425225416	2861.759858020165	2872.165068848024	2862.3246428871466	2861.7598599910984	2872.1650690317006	0.17920000000000003
MAR	0.3657894736842105	lin	mse	24.443734125861845	23.775856546591527	25.079338850930302	8483844.540839678	8221606.138193572	8651200.367190419	8459716.063609298	8203561.208174573	8656550.553072197	11731760.671928417	11458482.120441131	11913659.573954076	14020897.013857553	13918374.341229385	14164768.312342448	14020897.01590102	13918374.342158966	14164768.313447794	0.17920000000000003
MAR	0.3657894736842105	lin	rmse	4.943552638067544	4.8760492764728625	5.007927600408207	2912.3097464193106	2867.334326198041	2941.2922954358714	2908.1657781339886	2864.185959077129	2942.201650647385	3424.916525565454	3385.0379791726314	3451.6169506412607	3744.411873716581	3730.733753731213	3763.6110734695276	3744.4118739896076	3730.7337538557967	3763.6110736163737	0.17920000000000003
MAR	0.3921052631578947	lin	ev	0.9999996462682965	0.9999996410598472	0.999999647916052	0.8697467020353811	0.8683382716208058	0.8708829882780502	0.8699472907054016	0.8686494275022463	0.8711081333576336	0.8189759508556005	0.8152750352304361	0.8218055988382458	0.7917423925166701	0.7901674092831916	0.7933983786353899	0.7917423925603913	0.7901674092965366	0.7933983786268078	0.19240000000000004
MAR	0.3921052631578947	lin	mae	3.9446299720009548	3.896310722004221	3.9782231076948857	1917.4202392640047	1884.3066442694749	1951.7676483410796	1915.973218681708	1883.6918390689605	1951.1240289099037	2423.4192196305858	2417.661298444909	2427.5229385797643	2883.8226296562075	2873.94354435491	2899.0835700945495	2883.8226293536836	2873.9435442381105	2899.0835689362375	0.19240000000000004
MAR	0.3921052631578947	lin	mse	24.686814936328393	24.15260124265779	25.052642494949453	8946171.275461707	8890193.611757103	8924193.65931203	8932409.782094056	8886294.39403896	8908632.28389877	12433490.403049698	12270759.535623077	12671417.170505106	14303572.209821556	14237513.43116889	14398244.227813419	14303572.206820834	14237513.4317603	14398244.221681833	0.19240000000000004
MAR	0.3921052631578947	lin	rmse	4.968370033736039	4.914529605431001	5.005261481176528	2990.8106734667685	2981.6427706479367	2987.3388926119565	2988.501551845943	2980.988828231156	2984.733201460186	3525.889232065354	3502.9643925713945	3559.6934096218324	3781.9220021591887	3773.2629687273175	3794.5018418513673	3781.9220017627476	3773.262968805686	3794.501841043411	0.19240000000000004
MAR	0.4184210526315789	lin	ev	0.9999996390824533	0.9999996345308698	0.9999996435188442	0.8652977656897871	0.8628177688371446	0.8675411410474627	0.8654368183521399	0.8632365140616982	0.867804562311273	0.8138363653485008	0.81082954201518	0.8202067771285887	0.7886500690842746	0.7861431638389569	0.792944944245165	0.7886500690721092	0.786143163807344	0.7929449442364042	0.20380000000000004
MAR	0.4184210526315789	lin	mae	3.980303610993423	3.9711760720653673	3.9913618181761485	1989.7020668813238	1976.0656408553148	2010.0255126418974	1988.355943350592	1972.7931338670937	2006.2619588626667	2494.698932797913	2466.3587951972763	2525.5251822400123	2917.452575061034	2896.284260343924	2943.287275557488	2917.4525751852384	2896.284260429864	2943.2872759735	0.20380000000000004
MAR	0.4184210526315789	lin	mse	25.05600755586375	25.04767400039478	25.16667227834934	9251592.888578756	9213701.682656638	9434533.924612937	9241881.874817116	9195378.37109553	9406517.21188085	12784916.384402636	12457457.722751515	13075045.762383234	14513586.152573189	14236621.146519806	14781164.74209315	14513586.153409475	14236621.146431072	14781164.744278142	0.20380000000000004
MAR	0.4184210526315789	lin	rmse	5.005566337462445	5.004765129393665	5.016639540404447	3041.388974589077	3035.4079927839416	3071.5686423410657	3039.820282507475	3032.388228953465	3067.0045992598134	3575.2455415308223	3529.512391641587	3615.9432742208824	3809.4160182573696	3773.1447290714686	3844.628036896827	3809.416018366501	3773.14472905971	3844.628037180989	0.20380000000000004
MAR	0.44473684210526315	lin	ev	0.9999996492715416	0.9999996517242782	0.9999996525828698	0.8520886905191342	0.8488584979534259	0.8560038995963867	0.8522007978479277	0.8489228852316155	0.8559930057269519	0.7990202931292922	0.7973201779064072	0.8013724417992136	0.7763034574647806	0.7744675893596026	0.7778071067341561	0.7763034574671207	0.774467589357891	0.7778071067463963	0.2182
MAR	0.44473684210526315	lin	mae	3.9154436741445027	3.8905244236826397	3.934469234277157	2130.3375081170293	2126.9754506608224	2139.4434194589985	2129.504952721807	2127.168335404232	2133.9404650426695	2633.5468386479088	2631.4270088625494	2634.523891115612	2989.1368671867103	2986.412794987948	2993.395205911249	2989.1368670907323	2986.4127946485137	2993.3952058701752	0.2182
MAR	0.44473684210526315	lin	mse	24.223713736464504	23.759937835783848	24.331089715269194	10159953.979495661	9952593.148259226	10229878.20943829	10152295.5645725	9953346.100943299	10225520.213750817	13805891.725683993	13688150.44605345	13751664.55741567	15363215.083126793	15282236.686213918	15353324.05369446	15363215.082963293	15282236.68663417	15353324.053978872	0.2182
MAR	0.44473684210526315	lin	rmse	4.921475064591388	4.874416666205696	4.932655442585585	3186.884581227048	3154.773073972077	3198.418079213268	3185.6618215529666	3154.8924071897127	3197.7367330270977	3715.1865322257736	3699.7500518350494	3708.3236856315107	3919.532689174734	3909.250143724998	3918.3317947430714	3919.532689153719	3909.250143778749	3918.331794779364	0.2182
MAR	0.47105263157894733	lin	ev	0.9999996482736332	0.9999996410184675	0.9999996568855313	0.843211760902389	0.8426194989860849	0.8462138944290587	0.84360245511787	0.8430050990431213	0.846695893916386	0.7903188750792216	0.7892075199991886	0.7926673597911791	0.7736020873202528	0.7719707632068216	0.7738953035872616	0.7736020873426408	0.7719707633003542	0.7738953036725063	0.23120000000000002
MAR	0.47105263157894733	lin	mae	3.909695914235833	3.8904998255134817	3.94823011378056	2232.90332462189	2201.402016897732	2265.5457285058947	2229.256203266344	2197.6402295987273	2259.3710511130425	2718.6415883715904	2709.876950472591	2732.6022040304224	3022.2064117154587	2999.4671232972287	3046.646987235254	3022.206411261325	2999.4671213326096	3046.6469871883473	0.23120000000000002
MAR	0.47105263157894733	lin	mse	24.275509558662446	23.932194038933275	24.603419399915065	10770568.338248303	10478789.54017582	10877684.12943349	10743773.99635298	10445946.708455602	10851032.570989395	14402859.317060743	14191522.816542374	14374873.7324251	15550091.351434007	15416683.992460182	15760720.00109261	15550091.349863678	15416683.993293107	15760719.994627912	0.23120000000000002
MAR	0.47105263157894733	lin	rmse	4.926696847777812	4.892054173752911	4.960183403858679	3281.4988510235444	3237.095849704766	3298.1334311142555	3277.3994340612	3232.0189833068125	3294.0905529431634	3794.836741383998	3767.16376290471	3791.4210703145463	3943.19365599138	3926.408536112892	3969.977330047693	3943.1936557961963	3926.408536218959	3969.977329233495	0.23120000000000002
MAR	0.4973684210526315	lin	ev	0.9999996480553751	0.9999996410702394	0.999999652104925	0.8409244236992264	0.8334153549349441	0.8473309712306873	0.8410141416494126	0.8343644639421361	0.8473195770047608	0.7861225081360953	0.7807253867286694	0.7925450582141351	0.777075533351815	0.7751068959568682	0.7772439726767073	0.7770755333701173	0.775106895990372	0.7772439726737094	0.2428
MAR	0.4973684210526315	lin	mae	3.9325580003536063	3.9227961901539503	3.938005940626592	2295.001380180711	2231.2617732887124	2364.7866062022217	2294.451547409604	2226.63277597973	2356.495224493882	2786.9838252343347	2751.366559851215	2819.5674021904965	3013.540634498198	3015.04798138915	3034.4407935822787	3013.5406343935465	3015.047981234656	3034.4407937342194	0.2428
MAR	0.4973684210526315	lin	mse	24.515824322912923	24.31951299430808	24.668571897339866	10928282.07250231	10552040.822091073	11479828.211776583	10922051.038563905	10505236.639833027	11414422.373486033	14693823.05153676	14051207.638191458	15112278.393955333	15312303.722209385	15183635.210371038	15498032.243128493	15312303.720965913	15183635.208453914	15498032.240819646	0.2428
MAR	0.4973684210526315	lin	rmse	4.951286621060472	4.931481825405837	4.966746610945626	3304.8328453319145	3248.390497167955	3388.1895182791327	3303.886998972733	3241.1782795509766	3378.5236973397173	3832.202697394909	3748.494049373889	3887.451400848033	3912.8075989001527	3896.6184327402443	3936.754023701315	3912.807598738931	3896.618432494246	3936.7540234080725	0.2428
MAR	0.5236842105263158	lin	ev	0.9999996479649289	0.9999996454759086	0.9999996572515532	0.834743386007742	0.8326700260584029	0.8373714296853608	0.8349583942447032	0.8330138415685736	0.8375841478047861	0.7809830152047695	0.7801346674114292	0.7826615914798636	0.7657155860658567	0.7635655782960488	0.7686765778845296	0.7657155860700497	0.7635655782845385	0.768676577911993	0.2564
MAR	0.5236842105263158	lin	mae	3.911584199681717	3.9090610631031177	3.9223186296688763	2373.2463940873936	2351.775313136182	2419.1232242992587	2371.6747771933224	2354.613791524263	2415.7806318642297	2852.134251453371	2835.7029970773146	2878.2171653580717	3080.9566342950716	3072.533834419383	3097.829015840193	3080.956634209505	3072.533834503251	3097.829015758511	0.2564
MAR	0.5236842105263158	lin	mse	24.295084466434293	24.05841856397434	24.497515097639138	11350710.67898938	11233570.926388044	11605012.566262212	11335820.486369954	11225713.010254597	11573469.728212066	15043821.3133072	14785866.858372452	15269508.425797405	16090769.774237607	15900482.666963648	16176342.470256463	16090769.773960184	15900482.668759288	16176342.468588114	0.2564
MAR	0.5236842105263158	lin	rmse	4.928774770960955	4.904938181463079	4.949496448896507	3368.9030187763005	3351.6519697588	3406.6130637720235	3366.7005932646653	3350.4795194501035	3401.980265699974	3878.50574462608	3845.2395059830087	3907.6218376139477	4011.2202277574006	3987.540929816727	4021.9824055130402	4011.2202277225238	3987.5409300418833	4021.9824053056363	0.2564
MAR	0.55	lin	ev	0.9999996437786388	0.999999639701641	0.9999996505488268	0.8242823028890751	0.8224333577647639	0.8282354420296871	0.8244159167848576	0.8231504409091005	0.8286555967081946	0.7699928200414824	0.7681251223206476	0.7733420124674131	0.7568200698436027	0.7552493264370587	0.7601191437823677	0.7568200698346368	0.7552493264539218	0.7601191437562425	0.2702
MAR	0.55	lin	mae	3.9391497423518915	3.920470426331819	3.954257182482186	2478.459104143384	2455.5369418705027	2506.23197065424	2477.857380966401	2451.8956726555516	2500.5308951471075	2936.9596153747248	2929.7616940347616	2972.752533063408	3126.6746356943722	3114.7836392809477	3135.8636704879173	3126.6746356561957	3114.7836391856304	3135.863670361068	0.2702
MAR	0.55	lin	mse	24.644946628050405	24.397084880454617	25.040170666592296	12066726.17667376	11871868.460169869	12236629.301616834	12057480.709926689	11842828.586431615	12187213.034545343	15796744.37092271	15619766.558246063	16130623.17807241	16702155.829560718	16565731.770055745	16685865.07574756	16702155.830179209	16565731.768914377	16685865.077564798	0.2702
MAR	0.55	lin	rmse	4.96422114073172	4.939340530926636	5.004015454271928	3473.2652829781023	3445.5577865085747	3498.089378734745	3471.8931288839726	3441.341102888758	3491.0189106542152	3974.2644183234797	3952.1850359321566	4016.294707572193	4086.6540454485194	4070.1021817708393	4084.8335432117133	4086.654045525437	4070.1021816306256	4084.8335434341507	0.2702
MCAR	0.05	lin	ev	0.9999996416531024	0.9999996418736692	0.9999996440098345	0.9830006692779538	0.9824310547646208	0.9837603666883973	0.9830073091171686	0.9824265580623212	0.9837544740411004	0.9683145949783988	0.9674643450531499	0.9684547793240086	0.9058527534842564	0.9029245718356058	0.9080261570478187	0.9058527534570844	0.9029245717998292	0.9080261570324337	0.0246
MCAR	0.05	lin	mae	3.936992207438192	3.908398721188901	3.9584461769201797	477.47590895531056	457.61889787692826	489.4502029964184	477.3090089180074	457.50495842269186	489.6214447115169	650.6053488658685	628.9034755607425	661.4537047274407	1734.2946536459276	1713.2444933979298	1768.8428296133202	1734.2946534691705	1713.2444935028666	1768.8428296846064	0.0246
MCAR	0.05	lin	mse	24.599377970010522	24.402796560052888	24.769825246989633	1167540.4140469974	1106547.948854931	1189138.4404188192	1167079.9593710217	1106949.4663433286	1189442.7957166438	2176162.1787537364	2149486.358418786	2242496.903920461	6466920.863443998	6266980.621682383	6709572.262757172	6466920.86527887	6266980.6227307	6709572.265229948	0.0246
MCAR	0.05	lin	rmse	4.959717164165099	4.939918679497962	4.976929298974382	1079.8322627496473	1051.9258285900821	1090.476244775107	1079.6303534188278	1052.116660044564	1090.6157873956547	1474.8138844141824	1466.1126690738288	1497.4968794359677	2542.4794622969553	2503.3938207326437	2590.2842050163476	2542.479462674809	2503.3938209420226	2590.284205493665	0.0246
MCAR	0.07631578947368421	lin	ev	0.9999996396118658	0.999999635537082	0.999999642602271	0.9716163264485467	0.9717589373290583	0.9731206268745012	0.9715985204306378	0.9717202191192705	0.9731215405231242	0.9514731386609199	0.9490180485345384	0.9538742531066191	0.876417571067174	0.8769551994251039	0.877355077898981	0.8764175710924011	0.876955199431454	0.8773550779232254	0.0378
MCAR	0.07631578947368421	lin	mae	3.9459982788120214	3.9375962848915305	3.960109862175033	625.6090578336721	615.4016240133752	639.0544809633094	625.9846120852367	615.9164050220021	639.6729783711501	845.24594147534	822.5110242931166	867.8074797238125	2126.1612209281257	2108.3305359767264	2131.115626483721	2126.161220791255	2108.3305355922735	2131.1156265782615	0.0378
MCAR	0.07631578947368421	lin	mse	24.659182369066066	24.68042303430583	24.773293213439803	1949209.9088272036	1857824.3719691003	1923605.4107319235	1950429.7484057345	1857761.2232241046	1924929.4717773492	3333352.902795495	3188393.36848003	3504508.6366965417	8488265.209729109	8356868.925814556	8501075.928162102	8488265.208009392	8356868.924162577	8501075.929076174	0.0378
MCAR	0.07631578947368421	lin	rmse	4.965762347606138	4.96793951596694	4.977277691011403	1395.3462521576962	1363.0203123831648	1386.941026407368	1395.7940499779434	1362.9971471812055	1387.4182757111676	1825.0832464334271	1785.607282825658	1872.0332894199669	2913.315699199503	2890.8249559277288	2915.6604617414046	2913.3156989042973	2890.824955642001	2915.660461898157	0.0378
MCAR	0.10263157894736842	lin	ev	0.9999996419916544	0.999999637656286	0.9999996477236854	0.9621099110869913	0.9612248812571145	0.963137641481285	0.9621104762102798	0.9612602501447527	0.9630808507537267	0.9376983505775192	0.9367955483473601	0.9382706842829571	0.8666493137670619	0.8668078147206506	0.8677458307959867	0.86664931375668	0.8668078147180159	0.8677458308059564	0.0508
MCAR	0.10263157894736842	lin	mae	3.940473488991132	3.943582447880445	3.9504407998618243	742.9188006525022	730.8048055029337	747.9098684536923	743.0603092867863	731.737115443201	748.3262382067976	1009.641439595592	1007.508288900819	1017.2544639574298	2250.129931849574	2243.146344009576	2268.72125971675	2250.1299320412118	2243.146343178028	2268.721259770034	0.0508
MCAR	0.10263157894736842	lin	mse	24.57787317917895	24.59580277417347	24.66210918259759	2601854.238418554	2558401.2509669242	2634735.330985939	2601819.521224748	2559018.999754981	2634981.7932850337	4278889.528360846	4267209.853127329	4336114.154983866	9159259.088796256	8993744.643473871	9264711.105995446	9159259.089514231	8993744.645275552	9264711.10617871	0.0508
MCAR	0.10263157894736842	lin	rmse	4.957566966593772	4.959415567803677	4.9660959699342895	1612.9702384080692	1599.5003128999144	1623.1867825318006	1612.964557723474	1599.6934080488616	1623.2627000227146	2068.4646878270955	2065.722598300006	2082.333824098304	3026.2837992250743	2998.957259360972	3043.798795254944	3026.2837993461235	2998.957259661356	3043.798795285048	0.0508
MCAR	0.12894736842105264	lin	ev	0.9999996415605447	0.9999996403308512	0.9999996451522505	0.9553431741061884	0.954993123914146	0.9558563632109719	0.9553329304903153	0.9549295193002094	0.9558804534838751	0.9277535311415072	0.9255312513032589	0.9299388241066637	0.8575522146793156	0.8571682894648461	0.8598962427650043	0.8575522147266351	0.8571682894878482	0.8598962427876898	0.0638
MCAR	0.12894736842105264	lin	mae	3.9390464419704445	3.924567346188132	3.950636070929402	840.8636547888003	831.9269964010948	853.9910961157409	841.085750411522	832.0183931618982	853.7823696250563	1158.5986607605512	1144.4894805693489	1167.2460305230218	2366.1343401403924	2342.773807581212	2366.0899123937756	2366.134340446964	2342.773807466844	2366.089912436138	0.0638
MCAR	0.12894736842105264	lin	mse	24.648884648035285	24.5564635353919	24.720064271321757	3067118.3254521196	3032796.0312302597	3105947.3695077514	3067836.2955635316	3032723.0985120214	3105494.9989848677	4961658.91778233	4828247.26069536	5040673.404105068	9783766.407549413	9619477.620580055	9745472.926391007	9783766.404326785	9619477.625429705	9745472.924813027	0.0638
MCAR	0.12894736842105264	lin	rmse	4.964716759338382	4.955447864259284	4.971927621287518	1751.2635962183092	1741.4924723438398	1762.3698163290676	1751.4652220361627	1741.4715325011837	1762.2414701126709	2227.1347954506077	2197.3272994015615	2245.144406069478	3127.6330007018078	3101.528271768622	3121.7740030935947	3127.6330001839483	3101.528272550438	3121.774002840857	0.0638
MCAR	0.15526315789473683	lin	ev	0.9999996410961198	0.9999996392635118	0.9999996431192607	0.9466714767677221	0.9459170262177322	0.9470493901413589	0.9466645457637546	0.9459489312339606	0.9470333661824186	0.916214732549747	0.915032747831585	0.9182552953218279	0.8470355340562943	0.8461083332817521	0.8478072503916488	0.8470355340771547	0.8461083333788473	0.8478072504013819	0.0756
MCAR	0.15526315789473683	lin	mae	3.9456503586844853	3.936443319099453	3.9505941881190862	950.0733885245211	932.7442841555066	964.8722518029523	950.183086362583	933.1389905268351	965.1364901420247	1299.107245958969	1271.5137625980576	1340.2667830564083	2453.8095198149695	2451.037909424911	2465.8403947443007	2453.8095196665067	2451.03790905578	2465.8403945103178	0.0756
MCAR	0.15526315789473683	lin	mse	24.673113000725674	24.470149720965118	24.77074444778228	3662757.3027202473	3610687.0717965127	3738058.4112635846	3663230.877152079	3611925.0528122853	3735853.2290050318	5755151.576609349	5650295.032414516	5855346.27546458	10505508.481528189	10514790.224158254	10585223.188978484	10505508.480089923	10514790.224019177	10585223.1897689	0.0756
MCAR	0.15526315789473683	lin	rmse	4.96715589920818	4.946731215759061	4.977021644295138	1913.7496701605967	1900.180799765252	1933.4059095967366	1913.8760440451	1900.506525327468	1932.8355411169962	2398.3697144481025	2377.0349245256193	2419.782278525194	3241.177801390557	3242.6517272377946	3253.493997071223	3241.177801169436	3242.65172721635	3253.4939971926947	0.0756
MCAR	0.18157894736842106	lin	ev	0.999999645155752	0.9999996437081621	0.999999648975694	0.9403241503406787	0.9382685368347176	0.9434604259328949	0.9403327599315763	0.9383146330658005	0.9434450106019535	0.905806747449657	0.9019301801094604	0.9116002192041247	0.8414919017416761	0.8406876763673917	0.8417584614741627	0.8414919017691009	0.8406876763858764	0.8417584614647677	0.089
MCAR	0.18157894736842106	lin	mae	3.935505704691819	3.9264435713600387	3.9497057445127965	1061.9257289374468	1050.324633650254	1073.1488879721026	1061.784990936065	1049.6622918247558	1073.6657659406897	1445.1903714614389	1405.8251060615598	1481.875947189682	2519.9169159531293	2514.270085305605	2534.423181703406	2519.916916084218	2514.2700855815006	2534.42318162576	0.089
MCAR	0.18157894736842106	lin	mse	24.548421959066236	24.516054145841842	24.627845107914485	4099037.76028579	3826830.8101223577	4206303.346551096	4098453.5847446546	3827874.183093732	4203709.408133698	6471625.507057901	6110439.788428947	6724116.586419736	10885930.668709332	10828325.744890047	11007118.295531377	10885930.66685156	10828325.740148475	11007118.296184875	0.089
MCAR	0.18157894736842106	lin	rmse	4.954547663502775	4.951368916354531	4.962644970972081	2023.7031901314829	1956.2287213212971	2050.9274357107556	2023.5638860492043	1956.4953828449818	2050.2949563742523	2541.976702520801	2471.9303769380213	2593.0901616449314	3299.3223152864184	3290.6421478018615	3317.697740230622	3299.322315005523	3290.6421470813984	3317.697740329109	0.089
MCAR	0.20789473684210524	lin	ev	0.9999996396917668	0.999999635779274	0.9999996425537724	0.930084224729599	0.9294234649164257	0.9307291933906019	0.930083010331962	0.9294147057351915	0.9307619745144864	0.8907661985613571	0.8887921416804726	0.8922149972795445	0.8311655046421258	0.8272526222006338	0.8329948985373243	0.8311655046684404	0.8272526221997343	0.8329948986630694	0.1016
MCAR	0.20789473684210524	lin	mae	3.950194659398695	3.937422951903856	3.960168455071044	1182.2123729173313	1173.0254766967473	1183.9817815386978	1182.3708930923353	1173.608206801018	1183.7262848178166	1602.2157909904752	1582.8291996040032	1617.809975725579	2605.3274220028907	2601.303609761771	2620.848319205354	2605.327421856278	2601.3036097413164	2620.8483184577744	0.1016
MCAR	0.20789473684210524	lin	mse	24.69710694419515	24.5805792219767	24.76558547639166	4802056.104602419	4743299.734221891	4787797.400781462	4802137.005379793	4745198.65953499	4785531.664500751	7502589.631446423	7451400.723007492	7584529.804477651	11593363.945419947	11542908.61962853	11702550.910454346	11593363.943601053	11542908.61093739	11702550.910494417	0.1016
MCAR	0.20789473684210524	lin	rmse	4.969606956922377	4.95788051711381	4.976503338328194	2191.27321932297	2177.91178292921	2188.103608328788	2191.291871688715	2178.347690231059	2187.5858073457944	2738.9913657259813	2729.72539333309	2754.0025062584186	3404.7939771145493	3397.485631997364	3420.8991377201323	3404.79397684692	3397.4856307183095	3420.8991377259895	0.1016
MCAR	0.23421052631578948	lin	ev	0.9999996400252048	0.9999996345532306	0.9999996461031976	0.918996271845035	0.9177213406906214	0.9220347827395101	0.919002234286455	0.9177177365660798	0.9220730947486653	0.8825245891924108	0.8815407641604676	0.8824434851440006	0.8239857817988441	0.8222752489425318	0.824913834235395	0.8239857818161875	0.8222752489792169	0.8249138342281671	0.11540000000000002
MCAR	0.23421052631578948	lin	mae	3.9514263348236596	3.921541387463421	3.974363159010995	1312.3384618458927	1293.3201845788928	1327.5864389968053	1312.293067097528	1293.3700483278144	1327.609405035691	1738.2833237914347	1721.7315045819007	1738.0688761214335	2654.1973730096133	2634.640043442105	2675.30633199358	2654.197372822232	2634.640043372022	2675.3063311736737	0.11540000000000002
MCAR	0.23421052631578948	lin	mse	24.776575856474892	24.45695262328114	25.12952071132498	5563634.360307883	5381305.991093384	5606363.145421376	5563223.278797117	5380707.808197973	5606608.725881379	8068598.517871988	8017813.968631771	8125756.294724681	12090008.976610465	11850551.487688035	12362350.474834437	12090008.975413281	11850551.488177251	12362350.472282665	0.11540000000000002
MCAR	0.23421052631578948	lin	rmse	4.977418938356048	4.945397114821128	5.012935338833424	2358.334176911497	2319.76421023633	2367.775991393902	2358.2435944902745	2319.6352748218787	2367.8278497140327	2840.450572514322	2831.574468141668	2850.5712225314915	3476.8809622034687	3442.462997286686	3516.013434962164	3476.8809620315965	3442.462997357742	3516.0134345992856	0.11540000000000002
MCAR	0.26052631578947366	lin	ev	0.9999996420994094	0.9999996360088773	0.9999996526212095	0.9099371241690031	0.909531790762611	0.9117250542568032	0.9099423365904489	0.9095302751906813	0.9117529351548992	0.8691713640184864	0.8671545349370201	0.8725844323964227	0.8184264238626342	0.8161124867188102	0.821549229321539	0.8184264238940852	0.81611248671869	0.8215492293506115	0.1282
MCAR	0.26052631578947366	lin	mae	3.9335265162032593	3.9228271477217467	3.9398171624715648	1420.3087724978864	1414.9132230781852	1439.2220562830978	1420.4497184426848	1414.4786134995727	1439.2445311127299	1890.6972986907058	1854.904984947451	1912.5283481348101	2704.2827867216756	2685.5005408187944	2740.259830698271	2704.282786648831	2685.500541020639	2740.2598305929746	0.1282
MCAR	0.26052631578947366	lin	mse	24.54056030403773	24.33300485903596	24.776790817442144	6187533.6378033245	5974811.23099733	6292875.374807061	6187181.721419784	5972924.1371943075	6292980.796428155	8987456.983909275	8865453.327835282	8991543.498955352	12471693.40701353	12276740.376817953	12672218.750620397	12471693.404843157	12276740.378912091	12672218.750628682	0.1282
MCAR	0.26052631578947366	lin	rmse	4.953753446754755	4.9328495678498	4.977629035740022	2486.4396852799564	2444.3426991723827	2508.5604188073808	2486.3656777681017	2443.956656161133	2508.581431093708	2996.63667650748	2977.4911129733505	2998.5902519276206	3531.27861276292	3503.8179714160315	3559.805999014609	3531.2786124611944	3503.817971714868	3559.8059990157726	0.1282
MCAR	0.2868421052631579	lin	ev	0.9999996430643382	0.99999964373578	0.9999996460794364	0.9050037184218869	0.9043530522729969	0.9058316818996853	0.9050104154465698	0.9043863414181547	0.9058387833766588	0.8617731635693129	0.8597611114723973	0.8639179571950015	0.815947218849792	0.8147867573700945	0.8175645280600341	0.8159472188436819	0.814786757375171	0.8175645280459847	0.1406
MCAR	0.2868421052631579	lin	mae	3.9512377318658003	3.935294677353282	3.9665313873368384	1505.288826585992	1503.4913626419125	1516.1726015388592	1505.1988309391395	1504.0758244137653	1515.9198585775764	1978.0170763308233	1976.6098742011848	1986.787562539858	2729.7784426145568	2710.5388188150223	2746.3704733323766	2729.7784426003714	2710.538818866438	2746.3704733270934	0.1406
MCAR	0.2868421052631579	lin	mse	24.642790533271558	24.511190201894028	24.640393991141487	6523081.587388633	6461647.876424909	6591306.950637425	6522614.937352399	6464679.364421953	6589012.899660644	9494952.953543464	9377840.030813484	9510926.719959574	12642159.553037709	12385513.564893484	12883242.229052613	12642159.55345287	12385513.56521168	12883242.228699494	0.1406
MCAR	0.2868421052631579	lin	rmse	4.964064469475002	4.950877720353637	4.963909144126379	2553.8157105472433	2541.977158910935	2567.3540758215304	2553.724742802982	2542.573374442113	2566.9072635490056	3081.212015553979	3062.325918450465	3083.9790401297437	3555.393998358136	3519.305835657578	3589.323366465135	3555.393998417507	3519.3058357027853	3589.323366415945	0.1406
MCAR	0.3131578947368421	lin	ev	0.999999640342271	0.9999996365508053	0.9999996417807796	0.8962337784325365	0.8950141401463968	0.8978826685847325	0.8962308995188133	0.8950040389785712	0.897871770622007	0.8548519947611168	0.8514207785684299	0.858357185816832	0.8073308070357028	0.8067352999890074	0.8081521351134802	0.8073308070169001	0.806735299931161	0.8081521351252966	0.1532
MCAR	0.3131578947368421	lin	mae	3.9459268087589847	3.935906534343446	3.9426302708612515	1632.1871523479842	1616.5103630894969	1656.2755514732903	1632.2733747719785	1616.787328850772	1656.7888619748467	2098.6590771231113	2064.8898162981873	2124.0596802229234	2807.57902129572	2791.6816748692827	2814.55239778762	2807.579021279417	2791.6816751076803	2814.5523973926456	0.1532
MCAR	0.3131578947368421	lin	mse	24.731187575391377	24.568797264560356	24.80160306003789	7127498.584298795	6958145.017927856	7256318.376083298	7127685.452714774	6958887.591240281	7257016.539529449	9971434.036358824	9587427.814700015	10249976.895766154	13233477.305758592	13168810.72865321	13388642.769059148	13233477.307033237	13168810.732594792	13388642.768990174	0.1532
MCAR	0.3131578947368421	lin	rmse	4.972944819632565	4.956692169638978	4.980120787695605	2669.4932413653073	2637.8296036567367	2693.755441030848	2669.52962364893	2637.970354503682	2693.885027154917	3157.3407453228324	3096.3571846122686	3201.558510439276	3637.6629056251904	3628.8856042390216	3659.049435175637	3637.662905801905	3628.885604782106	3659.049435166212	0.1532
MCAR	0.3394736842105263	lin	ev	0.999999641265893	0.9999996390498493	0.9999996449160196	0.8896581828768276	0.8890180032097372	0.8910522268152743	0.8896765376275237	0.8890612492562413	0.891080911704366	0.8433572456922868	0.8410311282040234	0.8442924279403506	0.8055227218491886	0.8030307301087076	0.8076451773497453	0.8055227218573963	0.8030307301100372	0.8076451773538591	0.166
MCAR	0.3394736842105263	lin	mae	3.936464871774669	3.924805005005994	3.9451114998883594	1713.6123032519222	1701.711997446067	1728.1439769846686	1713.4974478921617	1701.848287666906	1728.4749650380825	2200.8268694615253	2177.4586388126104	2216.9570739830824	2816.4144512327716	2808.680405160742	2819.131793765115	2816.4144511796385	2808.6804051020026	2819.1317936963396	0.166
MCAR	0.3394736842105263	lin	mse	24.633424298577335	24.40438876972456	24.776441095187764	7577937.953979962	7555451.93331039	7631981.177284231	7576701.526801738	7557349.17425274	7632752.529657661	10758758.421285551	10642495.766606748	10772771.80446736	13355198.291340854	13271296.328496953	13477573.857070385	13355198.290781762	13271296.327729888	13477573.855610961	0.166
MCAR	0.3394736842105263	lin	rmse	4.963152607825014	4.940079834347271	4.9775939062149055	2752.763336348791	2748.7182346159802	2762.604057277161	2752.538980118997	2749.0633267083426	2762.7436597805563	3279.985611499843	3262.2838268009036	3282.190092677047	3654.419110498452	3642.979045849283	3671.181534202631	3654.419110422037	3642.979045744003	3671.181534003864	0.166
MCAR	0.3657894736842105	lin	ev	0.9999996412167663	0.9999996385207478	0.9999996431928261	0.879739791784694	0.8778501557081034	0.8832400694117064	0.8797374804223631	0.8778754875220948	0.8832425652845031	0.8308359942316714	0.8277746168962676	0.8337709417410322	0.7999281137044995	0.7976671717263976	0.8017363950488539	0.7999281137051302	0.7976671717401174	0.8017363950427766	0.1782
MCAR	0.3657894736842105	lin	mae	3.935688362378005	3.922591541620397	3.9470982615715773	1843.6265493426185	1830.5445026878265	1867.4535040791209	1843.8322106391356	1830.3310340575358	1867.4680515748073	2349.2854866622833	2328.9507425467114	2369.5190197470342	2865.019868491298	2869.6743496005597	2880.9043612366263	2865.01986857005	2869.6743496408194	2880.904361146295	0.1782
MCAR	0.3657894736842105	lin	mse	24.505233137434892	24.38494339987235	24.582689159063634	8260735.373753831	8008195.46689241	8267603.626321623	8260909.282243168	8007387.101050506	8265889.065010227	11618518.712236041	11327245.004867513	11773943.833616631	13740532.236732772	13772100.361814443	13943338.590881243	13740532.236693677	13772100.362725515	13943338.589935776	0.1782
MCAR	0.3657894736842105	lin	rmse	4.9502439384891215	4.938111319104942	4.958093298745359	2873.56760992253	2829.8755214483217	2875.344088334755	2873.591233654278	2829.73269074139	2875.04592398282	3408.3811544800496	3365.59727312516	3431.3180898332103	3706.6542751690854	3711.0780592456476	3734.0780108189015	3706.6542751645547	3711.078059368398	3734.0780106923016	0.1782
MCAR	0.3921052631578947	lin	ev	0.9999996443451984	0.9999996375644081	0.9999996510639457	0.8723556608075208	0.8698826082987188	0.8765816510128293	0.8723663935062739	0.8698555394602968	0.8765886507758767	0.8227756075211987	0.8220697431803389	0.822473135829637	0.7952650385777856	0.793841704882666	0.7961131496766691	0.7952650385834181	0.7938417049008497	0.796113149706154	0.1922
MCAR	0.3921052631578947	lin	mae	3.919807918627774	3.9071964772441734	3.9452205380419016	1948.4949894747701	1932.8136482297493	1982.0464094165334	1948.4388860620159	1932.4158065471966	1981.749797675973	2426.3797150891896	2413.8093514377765	2437.6297540958326	2887.139828299204	2858.643931316486	2898.7464763025578	2887.139828303595	2858.6439313823334	2898.7464763406974	0.1922
MCAR	0.3921052631578947	lin	mse	24.393523753575483	24.027480440480012	24.767282267758656	8767404.237827986	8492299.781639045	8993337.02430624	8766674.354703836	8490311.702422328	8995207.94397041	12172986.350970352	12069851.793732706	12298310.486220246	14061574.481438816	13892590.534207627	14185432.128710657	14061574.481060866	13892590.532198565	14185432.129476776	0.1922
MCAR	0.3921052631578947	lin	rmse	4.938821352274803	4.901783393876152	4.976673815688412	2960.5829113567006	2914.1550716526813	2998.889298441381	2960.458968612745	2913.8139443729638	2999.201217652862	3488.930038914892	3474.169223531391	3506.8947070335953	3749.7096347732995	3727.276557247614	3766.3552844508254	3749.709634722842	3727.2765569781063	3766.355284552531	0.1922
MCAR	0.4184210526315789	lin	ev	0.9999996476862218	0.9999996399544125	0.9999996478395641	0.8671665543037935	0.8660115620769935	0.8686119170903724	0.8671710484595714	0.8659844693781521	0.8686106957453092	0.8170244911820411	0.8171313431739781	0.8188540371675608	0.7917857531199517	0.7893884760371188	0.7950770412271476	0.7917857531048142	0.7893884759767718	0.7950770412352045	0.20379999999999998
MCAR	0.4184210526315789	lin	mae	3.9098796910983857	3.8960767500750495	3.928229697324601	2015.4261533137856	2008.8590551521493	2022.653594454577	2015.5002246184335	2008.5398662263092	2022.5244798881117	2524.414540324218	2509.0918031273513	2530.8926997915696	2918.0695910016634	2893.81724125482	2919.3436757685386	2918.069591266627	2893.8172414605806	2919.3436762797014	0.20379999999999998
MCAR	0.4184210526315789	lin	mse	24.258693306467848	24.238888914711396	24.409809106245895	9123417.448925149	8981415.589457484	9260892.520565845	9123103.880969808	8979095.18190312	9262765.089393064	12566364.53553611	12456606.443184169	12602139.690437343	14300588.617834395	14016393.07826922	14317217.157880291	14300588.618863527	14016393.080078134	14317217.157620527	0.20379999999999998
MCAR	0.4184210526315789	lin	rmse	4.925240805574682	4.923300611856988	4.940628412079367	3020.388586455625	2996.900997606942	3043.1714576352488	3020.3360241770865	2996.5138380963836	3043.479109406382	3544.819765106241	3529.3917950808705	3549.9492518115444	3781.328561128264	3743.8473631104703	3783.8098733789852	3781.3285612647837	3743.847363352055	3783.8098733446595	0.20379999999999998
MCAR	0.44473684210526315	lin	ev	0.9999996470913466	0.9999996463947869	0.9999996514174756	0.8593067753895192	0.8573536483904385	0.8611372954918122	0.85928311855735	0.8572988650311291	0.8610829230376207	0.8075901954644704	0.8065560835172546	0.8094758452301993	0.7831718550243332	0.7815243035489102	0.7846651761550012	0.7831718550554901	0.7815243036018753	0.7846651761611942	0.21760000000000002
MCAR	0.44473684210526315	lin	mae	3.905424149457236	3.9006837734842392	3.911324125840136	2136.827350589148	2129.643696104183	2145.2906823571902	2137.0748137992373	2130.1539549369904	2145.7214786859886	2621.1790341166516	2609.7519332695865	2639.6962830692296	2974.806117762042	2957.7908275808377	2989.120222692385	2974.8061176095116	2957.790827271308	2989.120222565245	0.21760000000000002
MCAR	0.44473684210526315	lin	mse	24.177908008748336	24.06603302819759	24.181876122548807	9661840.543667298	9626767.551365733	9654891.503836304	9663468.362365931	9629114.132006375	9658599.466811733	13215205.613612335	13113778.433486784	13254457.291554846	14891292.297004417	14792637.358102193	14978468.367345328	14891292.29488412	14792637.356944973	14978468.366914542	0.21760000000000002
MCAR	0.44473684210526315	lin	rmse	4.9170522363948646	4.905714323948918	4.917507104473649	3108.332866880692	3102.703265116684	3107.232129055746	3108.5956696612407	3103.0813930682475	3107.8287383335223	3635.246457494007	3621.2951320607363	3640.6671492399364	3858.90565813719	3846.1197794793384	3870.2026261353976	3858.9056578618765	3846.1197793288984	3870.2026260797434	0.21760000000000002
MCAR	0.47105263157894733	lin	ev	0.9999996442864999	0.9999996373432453	0.9999996491416424	0.8525370077721753	0.8469310824643066	0.8568055232947214	0.8525286550302761	0.8469400915273015	0.8568402875710659	0.8020334840004715	0.8014289503487803	0.8050399143100012	0.7794269350316395	0.7761776116457056	0.7820905417079329	0.7794269350337928	0.7761776116198076	0.7820905417215779	0.23000000000000004
MCAR	0.47105263157894733	lin	mae	3.9157224913066377	3.85470376589085	3.963573545613615	2219.1343169936054	2195.5715442576943	2241.9938672505573	2219.259332903227	2194.8753138236275	2242.437459987259	2697.7635223572966	2689.091382932073	2720.2132414767557	2995.7860999595605	2985.1057441834982	3010.3866168086697	2995.7860999003883	2985.105744159502	3010.386616684532	0.23000000000000004
MCAR	0.47105263157894733	lin	mse	24.287940831991328	23.85721121061196	24.76137333691594	10125772.958699107	9897187.241396714	10361999.384256765	10126337.627968233	9894784.435365295	10363829.400693795	13596594.427121863	13531133.749777786	13619043.265322085	15145412.79902183	15061270.238982711	15424246.13777222	15145412.79887532	15061270.238039607	15424246.139556931	0.23000000000000004
MCAR	0.47105263157894733	lin	rmse	4.9275297105914	4.8843844249415875	4.976080117614259	3181.7913533361	3145.979536074053	3219.0059621343926	3181.8801316797208	3145.5976276957763	3219.290201378837	3687.255691200312	3678.468940983162	3690.3987948895287	3891.4545302636834	3880.885239089493	3927.3714030853025	3891.4545302443316	3880.885238967987	3927.3714033125175	0.23000000000000004
MCAR	0.4973684210526315	lin	ev	0.9999996430520997	0.9999996347486008	0.9999996488311459	0.8455187307494985	0.8429100530513796	0.8469047430464021	0.8455162942822773	0.8429009304935948	0.8468785471231132	0.7913499765165761	0.789450363207353	0.7913654950741763	0.7752379610376439	0.7746606096747938	0.7758778031578205	0.7752379610385238	0.7746606096667654	0.775877803170977	0.24500000000000002
MCAR	0.4973684210526315	lin	mae	3.930616098992735	3.9092900064008633	3.941025344544632	2316.4272544571027	2296.6940458699783	2334.0973400654384	2316.492691355169	2296.946506364146	2333.8782951335043	2802.4910558056704	2805.575181724189	2810.7987393350754	3041.062142079116	3024.448653415187	3052.508395581211	3041.062142086209	3024.44865333042	3052.5083953895146	0.24500000000000002
MCAR	0.4973684210526315	lin	mse	24.485735768718953	24.436820741258884	24.48606359255443	10608143.147802182	10581500.478947205	10632493.414788954	10608313.648051742	10583311.065247165	10633110.867003148	14329989.103834486	14250891.766633682	14420774.641067998	15437337.805053402	15251896.319685867	15632163.772284286	15437337.804989582	15251896.320229253	15632163.771973612	0.24500000000000002
MCAR	0.4973684210526315	lin	rmse	4.9480783508151465	4.943361279661733	4.948339478305265	3256.951510982383	3252.9218372022415	3260.7504373669803	3256.9782490911266	3253.200126836215	3260.8451154575173	3785.414200136934	3775.0353331636093	3797.4695049556353	3928.9610953266188	3905.3676292617915	3953.753124852927	3928.9610953186275	3905.3676293313606	3953.753124813639	0.24500000000000002
MCAR	0.5236842105263158	lin	ev	0.9999996394681346	0.999999639181948	0.9999996408085007	0.8404368052191769	0.8376598306826936	0.8421845151333148	0.8404301150564277	0.8376755253191314	0.8422105913698542	0.7852146577687164	0.7841180329065923	0.7873880221100673	0.7689378860227923	0.7668109696485818	0.7727258183805572	0.7689378860138685	0.7668109696348437	0.772725818357128	0.25680000000000003
MCAR	0.5236842105263158	lin	mae	3.9494192015813305	3.9385493330853802	3.9819625530927514	2387.8876887992055	2363.0908277068716	2420.8839933866147	2388.3143637214903	2363.08557639322	2422.774683791412	2866.5185255926854	2824.0308296698317	2907.0269223530468	3078.5741009750936	3067.0703549131154	3101.7855963394863	3078.5741009438243	3067.07035494445	3101.7855964874066	0.25680000000000003
MCAR	0.5236842105263158	lin	mse	24.601583803635165	24.467862762791444	24.875015779740362	10960850.997210387	10753346.317986706	11208269.75746651	10961313.836518195	10751569.516411029	11214793.613471873	14753284.9815217	14606215.967075396	15016542.493445933	15871090.14152481	15615452.00653645	16220388.566806214	15871090.142137583	15615452.006619606	16220388.567761818	0.25680000000000003
MCAR	0.5236842105263158	lin	rmse	4.95988397828231	4.946500051833765	4.987485917748577	3310.406295984416	3279.2295311531193	3347.875409489802	3310.4740329971914	3278.9586024241034	3348.8495955285707	3840.804497684125	3821.8079448181848	3875.118384442717	3983.5917209023073	3951.639154393585	4027.4543531623317	3983.5917209795975	3951.639154404107	4027.4543532809676	0.25680000000000003
MCAR	0.55	lin	ev	0.9999996440879741	0.9999996354227016	0.9999996490885575	0.8344134095398251	0.8277123139257716	0.8386598994913251	0.8344232832082723	0.8277819652328942	0.838661057978689	0.7796792261624639	0.7754170755790988	0.7837247465985617	0.7655868658957979	0.7644495786731595	0.7687957429256087	0.7655868658850022	0.7644495786608076	0.7687957428822738	0.2684
MCAR	0.55	lin	mae	3.915173669575572	3.8852508430412542	3.9466764069469837	2464.2800640096066	2449.350592286251	2508.4246811583594	2464.397788522302	2449.4680530206456	2507.7673111973368	2935.8204612353816	2919.6571621306975	2976.612783615141	3103.574832319866	3099.480184717161	3112.6797106604336	3103.5748324465785	3099.4801855707733	3112.6797107522116	0.2684
MCAR	0.55	lin	mse	24.32280496112449	23.88433936229206	24.676297980309947	11373351.024459448	11222651.07288465	11739463.692335378	11372681.370931562	11222570.489697855	11734717.740899606	15133573.186031723	15044646.466065748	15476901.969702747	16099108.503739486	15980168.201480066	16232458.70582915	16099108.504483193	15980168.204475245	16232458.706680354	0.2684
MCAR	0.55	lin	rmse	4.931637242678642	4.8871606646694215	4.967524331124101	3371.683523070335	3350.022548115856	3426.290077085619	3371.5876459617707	3350.0105208339055	3425.5974283181035	3889.7490846219603	3878.7428976494107	3934.0693905551216	4012.139242448395	3997.5202565440572	4028.9525569096927	4012.1392425423064	3997.5202569186868	4028.9525570153287	0.2684
MNAR	0.05	lin	ev	0.9999996416249621	0.9999996382122679	0.9999996459722389	0.9841985777828774	0.9826485198816627	0.9855381631404839	0.984229392891509	0.9826719352223914	0.9855707686956656	0.9672503813726318	0.9658838056752926	0.9676416810576353	0.9071971257997686	0.9062210414567555	0.9071917731229542	0.9071971258524659	0.9062210414350533	0.9071917731143531	0.025
MNAR	0.05	lin	mae	3.940308654870288	3.9378633302359924	3.9456144945439138	432.98897568125665	404.50011595701807	476.1853316670796	432.6911529307313	404.0836657192257	476.05500722360114	644.969448352851	630.3896038662849	653.9281587055802	1735.4858182245139	1713.4705314575356	1746.0630463224259	1735.4858185537694	1713.470531376484	1746.0630461639696	0.025
MNAR	0.05	lin	mse	24.597022187478217	24.5477111436922	24.69652776652413	1085281.4055633931	999560.2522278528	1174419.5072865114	1083159.2313463867	997306.6507470637	1172834.6607642558	2250260.996875939	2230081.8921005134	2316607.0916923536	6373077.599138349	6323834.480565808	6433411.731505561	6373077.595503419	6323834.481151878	6433411.742583887	0.025
MNAR	0.05	lin	rmse	4.959488913340573	4.9545646775163	4.969560118010862	1040.38550483477	999.7801019363473	1083.7063750326984	1039.3634323220224	998.6524173840785	1082.9749123429665	1499.563738051802	1493.3458715583988	1522.040436943892	2524.2826444143216	2514.7235395895527	2536.4171051910134	2524.282643714514	2514.7235397060804	2536.4171073748666	0.025
MNAR	0.07631578947368421	lin	ev	0.999999641634213	0.9999996393445053	0.9999996452915401	0.9752910190991957	0.9750266979825725	0.9761844320341723	0.9753307796828802	0.975046493152423	0.9762412815110095	0.9556892762707705	0.9539236884784752	0.9567610052140725	0.8840251539152973	0.8811511811076126	0.8866095396019607	0.884025153988018	0.8811511811125152	0.886609539604008	0.036199999999999996
MNAR	0.07631578947368421	lin	mae	3.9366243314882325	3.9270374691726566	3.953535574354124	593.4670671240185	581.0106893164508	608.5740784517077	592.7628034887819	579.4829886787625	607.9592352393285	815.4023669129882	803.6413271488327	841.1267127387474	2050.8663955995053	2034.9375452026047	2064.2753489992574	2050.8663951175513	2034.9375450769694	2064.2753494014755	0.036199999999999996
MNAR	0.07631578947368421	lin	mse	24.61978517588799	24.43851828644892	24.785978967254657	1697179.2503432177	1615649.5055385593	1720982.248567515	1694462.7376963343	1608087.7407173533	1719618.106336893	3042613.802105508	2979748.118011364	3185032.188548133	7965624.438114229	7837220.00854384	8044176.656588087	7965624.433109952	7837220.008402329	8044176.656256254	0.036199999999999996
MNAR	0.07631578947368421	lin	rmse	4.961709361202128	4.943532976166835	4.978551894602953	1300.854943650589	1271.0820215621648	1311.8621301674636	1299.8096405125236	1268.1039944410527	1311.3421011837045	1743.8791032218337	1726.1946929623448	1784.6658478684835	2822.0701355935535	2799.503528939344	2836.22577673007	2822.070134703028	2799.5035289140696	2836.2257766715707	0.036199999999999996
MNAR	0.10263157894736842	lin	ev	0.9999996436589601	0.9999996390339565	0.9999996489656112	0.9671132315974426	0.9671855752344366	0.9682138535740171	0.9671686209160125	0.9672141082327315	0.9682999047551087	0.9438540889535801	0.942995779708051	0.9439910406033066	0.8689464395575627	0.8658598079915336	0.8727912366029063	0.8689464395392482	0.8658598079678926	0.8727912365512683	0.0508
MNAR	0.10263157894736842	lin	mae	3.931372898273716	3.928698356474616	3.9437849776299605	695.9245571608257	677.3736598503967	690.4334401707051	695.3607398606031	677.2123432758883	689.9248410625731	974.3470635921776	957.6684390130213	999.6962880914487	2227.1867206276725	2194.542320969878	2237.821687062889	2227.186720591702	2194.5423208830935	2237.821687199701	0.0508
MNAR	0.10263157894736842	lin	mse	24.51590687395278	24.417355483084872	24.62830507594231	2257547.3455944485	2196966.322296759	2246816.6391356857	2253744.343216894	2191018.714042571	2241943.734448941	3855958.564866704	3832532.8406064315	3872228.4718992324	9000955.397413507	8766322.671941752	9079159.65274995	9000955.398666807	8766322.675500276	9079159.654350063	0.0508
MNAR	0.10263157894736842	lin	rmse	4.951317346579717	4.941392059236432	4.962691313787541	1502.0596548347492	1482.2166920854586	1498.938504120728	1500.7966308088694	1480.209010255839	1497.3121700062886	1963.2884562533654	1957.6855826731808	1967.7978737409064	2999.488701851724	2960.797641167284	3013.1643919225435	2999.488702060562	2960.797641768224	3013.1643921880636	0.0508
MNAR	0.12894736842105264	lin	ev	0.9999996418293853	0.9999996376070217	0.9999996430394131	0.9576734012563177	0.9556976538367639	0.9587835911779059	0.9577258621777526	0.9557177011235208	0.9588664558039857	0.9288399398496429	0.9263743193254038	0.9300254294909588	0.8606142086078744	0.8593283582342012	0.8627136112658778	0.8606142086549244	0.8593283582286554	0.8627136112891044	0.0628
MNAR	0.12894736842105264	lin	mae	3.938183130936904	3.9391158399656176	3.9547396300601796	833.21341400458	819.4176475422755	849.9954064853963	832.5734916610018	819.0139580582737	849.2852477866703	1144.2629264653947	1137.8222177419218	1166.077205678771	2326.961367392965	2308.8910027740194	2341.4628383635836	2326.9613672189357	2308.8910027708657	2341.46283814819	0.0628
MNAR	0.12894736842105264	lin	mse	24.602529755182285	24.634338164526294	24.76513417206375	2907997.5933142486	2789695.9919752083	3053002.412881421	2904399.231516912	2784087.3734211517	3051620.896547831	4889425.71556571	4736221.2651365455	5073870.84275978	9571631.256052086	9488837.322918167	9597821.95619018	9571631.252817202	9488837.321312808	9597821.957909808	0.0628
MNAR	0.12894736842105264	lin	rmse	4.960030364676442	4.963299121000698	4.976457994604571	1704.5749626415454	1670.2383039480349	1747.284296524587	1703.521824112297	1668.5584716818141	1746.8889193500058	2210.298352040343	2176.2861174800855	2252.5254366510003	3093.7406429671346	3080.395643893519	3098.035176719299	3093.7406424404153	3080.395643632942	3098.0351769968347	0.0628
MNAR	0.15526315789473683	lin	ev	0.999999641224156	0.9999996403500245	0.9999996433766102	0.9501172661576913	0.9486969655486591	0.9521085360981592	0.9502014992371193	0.9488429664723367	0.9521432190698687	0.9188883979994815	0.9177759013212616	0.9205349807109693	0.8476096579467496	0.8447524789631237	0.8503525148781348	0.8476096579540897	0.8447524790688563	0.850352514787176	0.07680000000000001
MNAR	0.15526315789473683	lin	mae	3.932039186959964	3.9154175775098823	3.9495856914024583	925.4531683019173	896.5224445203584	945.2730033766431	924.4521857142936	896.57417871868	944.0839191781536	1310.8171787958813	1307.0098753772036	1324.8695887755905	2456.5820734949802	2435.87904859703	2482.0842255310195	2456.5820732874954	2435.879048743	2482.084224924953	0.07680000000000001
MNAR	0.15526315789473683	lin	mse	24.573506334766122	24.353032945704758	24.752882789992785	3425679.9969875542	3263263.408194037	3472400.2812285842	3419908.145244637	3260900.154635972	3462518.338496353	5571436.450863787	5527540.096932842	5565265.026500849	10465248.602239257	10312639.684482971	10507790.454769088	10465248.601751331	10312639.690751199	10507790.447612673	0.07680000000000001
MNAR	0.15526315789473683	lin	rmse	4.957115737983338	4.93487922301091	4.975226908392499	1850.1059773981099	1806.4504997906909	1863.4377588823793	1848.54665916054	1805.7962660931526	1860.7843342247788	2360.027989994226	2351.072116489165	2359.081394632421	3234.8770570595543	3211.3298934371364	3241.572219582511	3234.8770569829853	3211.3298944130916	3241.572218478662	0.07680000000000001
MNAR	0.18157894736842106	lin	ev	0.9999996424216586	0.9999996421037713	0.9999996458643868	0.9422561212555476	0.9397935787674436	0.944231952707423	0.9423341059269708	0.9398894580500192	0.9441823046625304	0.9103424879090032	0.9079718868635434	0.9124730503352158	0.8407098100511947	0.8394074286668605	0.8421445848930189	0.8407098100387115	0.8394074286698711	0.8421445848882754	0.089
MNAR	0.18157894736842106	lin	mae	3.9373469306340807	3.9260676471498743	3.9477200440096394	1044.9749852799846	1028.6943912471997	1068.0715032557973	1044.083914061999	1028.9456409193185	1066.2809841670776	1438.9017405013924	1422.2199452129096	1433.2928615920039	2521.688695439601	2513.0333570065523	2520.770343338513	2521.688695596379	2513.033357003257	2520.7703426160583	0.089
MNAR	0.18157894736842106	lin	mse	24.59195915606067	24.39862990800718	24.739167246668003	3965204.9179650405	3833615.0321528674	4141738.175423286	3959862.1543398835	3833287.6055682627	4129731.1579446006	6158489.045915993	6031759.001195809	6303746.789654063	10939294.74902175	10903329.552979289	11027368.83760575	10939294.749841303	10903329.545956822	11027368.83970452	0.089
MNAR	0.18157894736842106	lin	rmse	4.958987943427512	4.939496928636274	4.973848333701783	1990.9044508002248	1957.961958811475	2035.1260834216846	1989.5807893285296	1957.8783428926995	2032.1739979501265	2481.266747749387	2455.9639657771463	2510.7263470267053	3307.4266272890163	3302.0190116017334	3320.748234601014	3307.426627414233	3302.019010538374	3320.7482349170223	0.089
MNAR	0.20789473684210524	lin	ev	0.9999996448998344	0.9999996445702142	0.9999996461460436	0.9336460976835118	0.931178784972213	0.9357763158729007	0.9337154736360876	0.9312120226597804	0.935948777882142	0.8939975308402867	0.893299961168647	0.8947727377085668	0.8332539541171178	0.8318510182123168	0.8338365688871024	0.833253954151288	0.8318510182089996	0.8338365688963114	0.10200000000000001
MNAR	0.20789473684210524	lin	mae	3.930911470518995	3.9253708524979403	3.9455127873882927	1165.3665392320313	1142.4398350033869	1192.68767376415	1164.543815793954	1141.8921973567096	1192.270210444768	1594.4273573783505	1571.8724437018086	1612.1807859892733	2589.42056019538	2572.059368105128	2602.7126724217887	2589.420559961546	2572.0593679415247	2602.712672389797	0.10200000000000001
MNAR	0.20789473684210524	lin	mse	24.449181167460193	24.286374845438562	24.680037858977744	4556726.258281805	4425839.251982538	4742632.893268833	4551948.206190161	4413954.39765892	4739618.468585298	7279714.189460996	7170188.203965994	7361549.001669787	11452013.825263178	11381014.356989758	11558156.97755245	11452013.822912868	11381014.357214276	11558156.97691188	0.10200000000000001
MNAR	0.20789473684210524	lin	rmse	4.944516706780189	4.928120822934292	4.967900749710862	2134.2601374589713	2103.767870270515	2177.758685729168	2133.1306301904347	2100.9413122833585	2177.0664823530997	2697.975628314597	2677.7207105981	2713.2174630261	3384.018767000489	3373.575900582312	3399.728956483509	3384.0187666543543	3373.575900615588	3399.7289563893	0.10200000000000001
MNAR	0.23421052631578948	lin	ev	0.9999996454388398	0.9999996446395572	0.9999996476467283	0.9263994305466745	0.9260138760186581	0.9290779282788746	0.9264359018311994	0.9260817621895423	0.9291519999444126	0.8876844011614976	0.8870926294456051	0.8898277747259609	0.8311277682555348	0.8290942568795465	0.8337931894942556	0.8311277682777639	0.8290942570909795	0.833793189452089	0.11539999999999999
MNAR	0.23421052631578948	lin	mae	3.946725088847008	3.92981848616266	3.9667768431429464	1270.7822818335267	1258.722765653323	1287.1399001952036	1270.465611220134	1258.248380218119	1286.811663901374	1731.470802378931	1717.3057636615813	1736.6159751692476	2621.2520694541317	2612.014023703424	2631.11987978628	2621.252069414734	2612.014024038216	2631.1198798175774	0.11539999999999999
MNAR	0.23421052631578948	lin	mse	24.690897737096186	24.5108206079449	24.930768198383475	5053777.041508669	4925515.804627387	5113706.472182236	5051262.847365699	4922637.22137226	5109014.376790001	7713466.0277149035	7621260.137916844	7804717.71747375	11597715.89010865	11487733.062193278	11645299.857993029	11597715.88860872	11487733.065107713	11645299.843586259	0.11539999999999999
MNAR	0.23421052631578948	lin	rmse	4.9689452166311145	4.950840394109358	4.993072020147864	2247.7126538944967	2219.3503113811003	2261.350585862846	2247.14629885995	2218.701697248249	2260.3128935592085	2777.15148146582	2760.6629888338134	2793.6924879939365	3405.447181202579	3389.3558476786234	3412.5210413993095	3405.447180984653	3389.3558481085624	3412.5210392884405	0.11539999999999999
MNAR	0.26052631578947366	lin	ev	0.999999641999288	0.9999996405961491	0.9999996488203576	0.9183775725750525	0.9176616432501217	0.9194795590655478	0.918434440385402	0.9177395847416313	0.9195967849552282	0.8756271670949705	0.8743634373847804	0.8784552606642411	0.8228062430163181	0.8206887957412213	0.8263691111828417	0.8228062430247818	0.8206887957107146	0.8263691111809093	0.1272
MNAR	0.26052631578947366	lin	mae	3.939715968273865	3.938086172088628	3.9566269700534495	1379.2225610913974	1348.4897466920297	1403.0937471494644	1378.5537787848284	1346.6906926855822	1402.6662010469602	1849.6044970715805	1806.7454325747176	1880.1476148924687	2687.863274714905	2661.318842961162	2719.660613038011	2687.8632747712372	2661.318843064447	2719.6606130247937	0.1272
MNAR	0.26052631578947366	lin	mse	24.63034897881684	24.501966745390344	24.84833682918173	5605528.463556797	5548895.752684925	5700978.056049593	5601616.9808137715	5540817.378624831	5699555.740022413	8541740.236241002	8457190.198142681	8684708.075604629	12169327.758175673	11965405.185457744	12472702.524111923	12169327.757614538	11965405.185590912	12472702.526233943	0.1272
MNAR	0.26052631578947366	lin	rmse	4.9628343370942245	4.949946135604947	4.984810611164854	2366.946349136057	2355.6094227789386	2387.67209977618	2366.117945744595	2353.8940882343945	2387.374235435746	2921.960684323629	2908.1248594485555	2946.9828767070617	3488.016681193013	3459.104679748467	3531.671349957683	3488.0166811139425	3459.104679767716	3531.67135025811	0.1272
MNAR	0.2868421052631579	lin	ev	0.9999996418838561	0.9999996334013911	0.9999996460876579	0.9101546514648204	0.9091217910414803	0.9106210339982188	0.9101671970577501	0.909159637382002	0.9106347644991506	0.8662554939921321	0.8650542160350618	0.8672633252068179	0.816807524971971	0.8146134817172869	0.8191101882189992	0.816807524962973	0.8146134817141708	0.8191101881785605	0.1406
MNAR	0.2868421052631579	lin	mae	3.940648153224457	3.9315332903034146	3.9589534597449583	1489.912485094119	1472.3024637703697	1500.4960496174497	1489.6615096919304	1472.178837451127	1500.116483642004	1974.5208730659372	1965.7125986323797	1989.116967497101	2732.150544310861	2726.5461899066395	2735.568229828399	2732.150544450521	2726.546190206888	2735.5682299752757	0.1406
MNAR	0.2868421052631579	lin	mse	24.70149144486897	24.606088488325646	25.06162435042947	6170734.266073081	6119255.552740375	6262679.412201035	6169883.625325145	6118447.240552289	6260071.311751775	9186278.433260806	9059497.897260604	9238126.19414282	12581387.42489613	12555099.816304605	12640082.63261222	12581387.425522942	12555099.81687146	12640082.632357847	0.1406
MNAR	0.2868421052631579	lin	rmse	4.9698570253244725	4.960452447945212	5.006158642155627	2484.0260328826794	2473.712908310173	2502.534597603205	2483.858578990838	2473.5495225590876	2502.013451552924	3030.771705964328	3009.8999812719035	3039.428596651486	3546.953044818319	3543.3176284810547	3555.2893880262714	3546.9530449065887	3543.317628561044	3555.2893879904977	0.1406
MNAR	0.3131578947368421	lin	ev	0.9999996423219845	0.9999996412630056	0.9999996481320529	0.902362377206161	0.9016143194185904	0.9034893958872394	0.9024630152264124	0.9017914975769483	0.9036241789305179	0.8583747063740181	0.8578291765740905	0.8597277671139304	0.8138958195885685	0.8136415704820811	0.8150198434015676	0.813895819587029	0.8136415704819728	0.8150198433931722	0.1528
MNAR	0.3131578947368421	lin	mae	3.9544700425823995	3.9094925433089585	3.980166522340112	1597.2764519496518	1597.9953433120443	1606.8180240488691	1596.109114080933	1596.7674194550436	1606.4854053058382	2094.8862222323323	2091.1253038529926	2115.403487937923	2760.8015633480873	2756.4126563960167	2769.8777077729587	2760.8015635365564	2756.4126567417184	2769.8777082481097	0.1528
MNAR	0.3131578947368421	lin	mse	24.79836452846208	24.403228049619432	24.88039808601586	6705199.895706615	6671004.227235585	6780040.928335409	6698289.042806822	6664091.3230738165	6767831.070577907	9727198.84191313	9623766.303894477	9849562.165781429	12780507.252424551	12669358.937539943	12962900.248459432	12780507.252531614	12669358.938037595	12962900.248466965	0.1528
MNAR	0.3131578947368421	lin	rmse	4.979601545797184	4.939962353056897	4.988025469663909	2589.3907613142956	2582.8287258809064	2603.851172462706	2588.055270925374	2581.490136156599	2601.5055392172258	3118.7943571090973	3102.2195769955547	3138.4012117289003	3574.900192231567	3559.4042953196454	3600.4027897527567	3574.9001922467564	3559.4042953895523	3600.4027897538026	0.1528
MNAR	0.3394736842105263	lin	ev	0.9999996461316047	0.9999996478075631	0.999999649469328	0.8958109892660826	0.8936103167822864	0.8965673914787917	0.8958450134212675	0.8937789168465544	0.8966086727684935	0.8501862056964752	0.8488312757539737	0.8523044350250086	0.8082969068029879	0.8058919951790762	0.8123045022407943	0.8082969068054234	0.8058919951799594	0.8123045022515012	0.1652
MNAR	0.3394736842105263	lin	mae	3.926440324223267	3.9095537479413873	3.943017047376539	1690.9807378622186	1678.8806471041494	1711.8901557502977	1690.487839377624	1678.3635960477789	1711.7855666062349	2184.9344241736094	2160.179248442653	2213.7707542816247	2800.5699176274834	2780.0325491683243	2821.1071459631657	2800.5699176936264	2780.0325490389464	2821.107146562087	0.1652
MNAR	0.3394736842105263	lin	mse	24.391813649398784	24.177299830949572	24.675240574806367	7154316.213140199	7148962.145428528	7282182.092122101	7151972.917279666	7146108.902320645	7283532.578141564	10288805.363436561	10208289.61416407	10335661.373906702	13166743.284068841	13055905.336997788	13209886.711871354	13166743.283899575	13055905.336253027	13209886.715168625	0.1652
MNAR	0.3394736842105263	lin	rmse	4.9387332292550115	4.917041776408817	4.967417898144505	2674.560771426858	2673.7543165796906	2698.551850923399	2674.129114030305	2673.2206983937267	2698.8020635351463	3207.5732097988425	3195.0414103989433	3214.9123431139924	3628.265709101852	3613.29563376674	3634.540784180493	3628.2657090796442	3613.2956336636817	3634.5407846340954	0.1652
MNAR	0.3657894736842105	lin	ev	0.9999996437709759	0.9999996367512747	0.9999996488080046	0.888530015307861	0.8863367301737936	0.8911174652137207	0.8885287870823089	0.8863080872104776	0.8911345968930717	0.8381255953253028	0.8355904538843958	0.8412476441650352	0.8027899857740433	0.801414740465703	0.8053669347018211	0.8027899857663167	0.8014147403858441	0.8053669347042701	0.17920000000000003
MNAR	0.3657894736842105	lin	mae	3.9381100046009343	3.9255609472043345	3.952470973291161	1787.4829690051652	1747.2584226346394	1827.7051409701978	1787.3543449863664	1747.116925772456	1827.4080853099563	2309.762173728768	2281.9727912708267	2320.382226969755	2841.31660276403	2834.8438838254524	2857.3340314327943	2841.3166027443776	2834.8438838980296	2857.334031679186	0.17920000000000003
MNAR	0.3657894736842105	lin	mse	24.61260379786315	24.546846289376248	24.757725636710248	7656747.009335835	7426151.76319267	7906299.878585157	7656816.7168783415	7426083.629101467	7908292.253586632	11119536.564375078	10817214.494258812	11436439.30392813	13543793.86393457	13538475.383371852	13685082.823536962	13543793.864473497	13538475.383201504	13685082.829040268	0.17920000000000003
MNAR	0.3657894736842105	lin	rmse	4.960958010543798	4.954477398210254	4.9757135806545625	2766.766245771095	2725.0966520827606	2811.814339280806	2766.781615406664	2725.084150829377	2812.1686033356236	3334.2896054648418	3288.9534040875087	3381.780493161573	3680.090771964385	3679.4667254062583	3699.33545701616	3680.0907720355535	3679.46672538311	3699.335457759984	0.17920000000000003
MNAR	0.3921052631578947	lin	ev	0.9999996437121862	0.9999996408476123	0.9999996496542668	0.8794139169209236	0.8782029703072209	0.8819724553549656	0.8794468820595667	0.8784475465471403	0.881867614303185	0.8284559191130191	0.8255842068105891	0.8325508714250585	0.7980212038640218	0.7971535953231351	0.7979966474706338	0.7980212038589005	0.7971535953489673	0.7979966474839664	0.191
MNAR	0.3921052631578947	lin	mae	3.9186422679565296	3.9083040038972836	3.9287750955592773	1903.2534216504937	1864.925825193289	1915.1255851879107	1902.7817981692565	1865.7490338269617	1912.4905081185984	2417.8193005266457	2374.6726641763244	2433.894448103378	2886.6770261988077	2872.5270840850285	2909.379468735079	2886.677026106553	2872.5270841538254	2909.379468600709	0.191
MNAR	0.3921052631578947	lin	mse	24.389093327120378	24.147666412130548	24.57433423010881	8283562.53367917	8033967.238476662	8393384.498503547	8281255.93842944	8039001.582139341	8376530.044613996	11783946.255534178	11403830.582150115	12019985.699163513	13872864.144643832	13719229.695217174	14051536.504867844	13872864.14498056	13719229.69514935	14051536.503811793	0.191
MNAR	0.3921052631578947	lin	rmse	4.9384741616427545	4.9140275143847685	4.957250672510803	2877.612735809603	2834.425380650664	2897.1338420072257	2877.230066331048	2835.313312870262	2894.2235650712946	3432.298173739815	3376.955815842149	3466.9851022413573	3724.511446979668	3703.947852658994	3748.5379156236163	3724.5114470274407	3703.9478526498388	3748.537915482754	0.191
MNAR	0.4184210526315789	lin	ev	0.9999996401753396	0.9999996310837533	0.9999996465624528	0.871435449140149	0.8695980986334354	0.8710912849904481	0.8715239399958931	0.869782959370532	0.8713639311729657	0.8184438159586003	0.8174763863341158	0.8183880116135733	0.7893947458373021	0.787405589225139	0.7913714848190924	0.7893947458518332	0.7874055891950023	0.7913714848147966	0.205
MNAR	0.4184210526315789	lin	mae	3.9338725622095003	3.9204568340740287	3.956733274871477	2015.3865711324142	2016.9706177968612	2028.1615403151438	2014.2284722898426	2014.9194686356414	2025.8094238375745	2527.2783682816003	2526.033793070898	2532.628618135621	2940.708190640669	2931.3028172796085	2956.196989921239	2940.7081906087747	2931.3028171686824	2956.196989671804	0.205
MNAR	0.4184210526315789	lin	mse	24.619255093709974	24.403090180885524	24.88185246983779	8830778.905784242	8832034.26561434	8986371.016323745	8824644.01366549	8835262.485807864	8973631.72991387	12471061.468327528	12541730.137093414	12696177.732745072	14465033.413684994	14377192.528276073	14617165.034888867	14465033.412669474	14377192.528572112	14617165.030758794	0.205
MNAR	0.4184210526315789	lin	rmse	4.961632207467164	4.939948398605549	4.988171255063101	2971.3704618994207	2971.873864351302	2997.727642118901	2970.3483936884813	2972.4169434666906	2995.6020646797983	3531.154095813251	3541.4305212856307	3563.1696188569344	3803.1557507009916	3791.7268530678834	3823.2401225778203	3803.1557505686346	3791.7268531069208	3823.2401220376933	0.205
MNAR	0.44473684210526315	lin	ev	0.9999996482015717	0.9999996442861258	0.9999996546687794	0.8675588255555091	0.8665358601810285	0.8690691445969722	0.8676115162617813	0.8664073450673794	0.8691519855567309	0.8134233005343553	0.8114893598332029	0.8136617468134832	0.7869330077584212	0.7851411014093981	0.7886960353033334	0.7869330077492578	0.785141101352523	0.7886960353270067	0.2182
MNAR	0.44473684210526315	lin	mae	3.913994991630595	3.8933485410813944	3.9287397025697257	2080.8272952339817	2074.371086730634	2093.194011578197	2080.0852005917245	2072.183634104003	2093.547498062506	2593.6245988981414	2579.192527342796	2592.5387655276763	2954.585860903544	2947.1360068966897	2964.8363434741427	2954.585861023164	2947.136007790432	2964.836343504322	0.2182
MNAR	0.44473684210526315	lin	mse	24.232427519980902	24.068280668663558	24.51972210523854	9095795.583625967	9049561.277891355	9112613.407015486	9092211.982682908	9043835.550832221	9111625.377834966	12814713.387520423	12701461.905467436	12941921.898789154	14631935.535681799	14640211.941164616	14698085.960224882	14631935.536302442	14640211.945040012	14698085.958578188	0.2182
MNAR	0.44473684210526315	lin	rmse	4.922445353785527	4.9059434025132775	4.9517393010172235	3015.872485785735	3008.2488723327656	3018.7105536992917	3015.272357712448	3007.2970506473453	3018.546898399123	3579.6366109888704	3563.911040622007	3597.4882763935666	3825.0982125012474	3826.25298969692	3833.8082842292574	3825.0982125821974	3826.2529902033416	3833.808284014498	0.2182
MNAR	0.47105263157894733	lin	ev	0.9999996442699253	0.9999996387242548	0.9999996522764996	0.8602543270733257	0.8589560348755315	0.8641152063529363	0.8603821984683477	0.8594079592263089	0.8639822027254018	0.80546435440219	0.8035178527946416	0.8113989130624025	0.7812916586938108	0.7804513333578764	0.7833149181614432	0.7812916587108578	0.7804513333438793	0.7833149182063607	0.2306
MNAR	0.47105263157894733	lin	mae	3.9186861388193526	3.90636623638971	3.9400144697582924	2177.6189472455007	2143.8153202106764	2193.4458964720934	2176.284457747588	2142.758873991781	2188.992269444242	2687.444967544478	2650.1256235119045	2685.0001450095383	2996.9774548623654	2983.465590938139	3008.996421079415	2996.9774547098846	2983.465590428818	3008.9964209553887	0.2306
MNAR	0.47105263157894733	lin	mse	24.29941392060072	24.286410029150627	24.476085718829083	9599418.222853962	9401604.252677571	9719746.31458007	9590670.075047847	9397010.957565563	9688602.904515978	13363313.898468856	13096655.390795194	13540214.874508483	15021672.020630741	14916436.237694666	15174567.569588277	15021672.019459998	14916436.233957417	15174567.57055572	0.2306
MNAR	0.47105263157894733	lin	rmse	4.929283685742563	4.928124392621459	4.9473311713315775	3097.6421380781694	3066.203556954034	3117.6507685403235	3096.2342424627705	3065.4544455211794	3112.6520692997437	3654.8647416718513	3618.9301445033716	3679.703095972348	3875.6769787997823	3862.1802440713027	3895.454732067654	3875.676978648297	3862.180243587476	3895.45473219183	0.2306
MNAR	0.4973684210526315	lin	ev	0.9999996309209133	0.9999996227148662	0.999999633081727	0.8527520154313383	0.8522533666586014	0.853286099028882	0.8528688174563964	0.8523835357061585	0.8534828691779809	0.7958495592553634	0.7938209467886677	0.7975941491065945	0.7768769304980498	0.7743435272313682	0.7806002260375492	0.7768769305043896	0.7743435272269099	0.7806002260320962	0.2428
MNAR	0.4973684210526315	lin	mae	3.956576098084805	3.907077992522826	3.992814212169009	2270.963596283152	2258.37996899936	2272.572348337497	2270.0015843337046	2258.88757247483	2271.3054988080676	2776.763198971469	2774.2390417347538	2782.2544880817336	3029.004805876356	3001.884560539385	3039.2106605324775	3029.0048058855637	3001.8845606090067	3039.2106603987954	0.2428
MNAR	0.4973684210526315	lin	mse	24.895466822997015	24.347066347480894	25.466667467618667	10112840.51453863	10112965.818902275	10149312.752273517	10104840.857983967	10103482.918740783	10151122.957817437	14022403.498431137	13864250.75214572	14243540.896069748	15324966.639310041	15097255.117564786	15554520.996398106	15324966.638872396	15097255.11644461	15554520.995535564	0.2428
MNAR	0.4973684210526315	lin	rmse	4.98923633770006	4.934274652619258	5.046450977431433	3180.0558751340077	3180.088963991774	3185.7986051025755	3178.7974119827322	3178.597633979611	3186.082697893675	3744.5622804520426	3723.472942314167	3774.0615914515424	3914.525143509648	3885.5186420302743	3943.92203224127	3914.5251434539255	3885.5186418861267	3943.922032131919	0.2428
MNAR	0.5236842105263158	lin	ev	0.9999996410494362	0.9999996355010371	0.9999996512370792	0.8470637429822496	0.843170667411044	0.8526386250588401	0.8471856125330952	0.8433593708973834	0.8527340428734987	0.7916451582209805	0.785507252917689	0.7987826806892439	0.7724335762308872	0.7710222853494114	0.7739632960089138	0.7724335762345884	0.7710222853615287	0.7739632960164792	0.2572
MNAR	0.5236842105263158	lin	mae	3.909425470800703	3.8909972780634945	3.9146986593264375	2359.450353496236	2324.146097565666	2396.2256033827352	2358.007513062587	2322.298066565514	2396.9324311817204	2845.353784789367	2840.905127473257	2866.2572387154382	3063.598602694158	3067.7419910465455	3076.925615049726	3063.5986027079175	3067.741991068141	3076.9256150995047	0.2572
MNAR	0.5236842105263158	lin	mse	24.267086032859403	23.863711182532096	24.37016179977239	10503201.16805645	10112276.019740019	10879352.366586085	10494769.471251711	10102082.488203557	10884221.91877199	14310205.284365037	13907942.429294042	14758255.659237975	15629073.848504195	15623001.908323439	15803786.826869505	15629073.848243777	15623001.907800537	15803786.825769298	0.2572
MNAR	0.5236842105263158	lin	rmse	4.925713306199695	4.885049762544092	4.936614406632585	3240.36503771144	3179.980506188681	3298.3863276738953	3239.0599184087414	3178.377335717639	3299.1244169888455	3782.288913236731	3729.335387075563	3841.647518869733	3953.227981282227	3952.5943263030977	3975.3976941772135	3953.227981249868	3952.594326236951	3975.3976940388366	0.2572
MNAR	0.55	lin	ev	0.9999996422259544	0.9999996404166934	0.9999996471625113	0.8399289092469348	0.837267935797627	0.8413176062447578	0.8400751532478484	0.8373152985254277	0.8416424099023483	0.7832401817768637	0.782618465884817	0.7847013495639446	0.7682490624405828	0.76627859800522	0.7709152768472903	0.768249062457118	0.7662785980956243	0.7709152768376026	0.269
MNAR	0.55	lin	mae	3.934119767830212	3.8968193275253102	3.9747876217548344	2444.709039290949	2445.703459084544	2451.389602794827	2443.0483877384004	2444.813282387712	2450.34208008822	2932.444555182777	2901.205765900335	2950.0414463674983	3088.8429712479933	3081.8380382376768	3117.4175133686126	3088.842971232557	3081.8380383603176	3117.417512822196	0.269
MNAR	0.55	lin	mse	24.51590053097714	24.156771249447516	25.02630832822249	10994634.944868755	10935261.28913182	11031983.766333777	10984513.86280092	10912878.132567544	11026740.546027433	14888708.361658674	14812211.79624912	14975139.050059333	15916233.669002676	15786888.801836899	16129362.978315856	15916233.667848002	15786888.802504504	16129362.979668014	0.269
MNAR	0.55	lin	rmse	4.951005738092379	4.914953840011879	5.0026301410580505	3315.577956032189	3306.8506602403168	3321.4430247008268	3314.0645551398156	3303.4645650540197	3320.653632348221	3858.463362768649	3848.663637712332	3869.772480399763	3989.3961454653568	3973.2718006495475	4016.1378186406723	3989.3961453218835	3973.2718007335598	4016.1378188090125	0.269
