missing_type	missing_rows_proportion	model	evaluation_metric	drop	drop_lower	drop_upper	mean	mean_lower	mean_upper	median	median_lower	median_upper	random	random_lower	random_upper	regression	regression_lower	regression_upper	stochastic	stochastic_lower	stochastic_upper	missing_cells_proportion
MAR	0.05	lin	ev	0.9918525579380045	0.9918316427301893	0.991897017382655	0.9737635903448508	0.9736012402430785	0.9747000517717868	0.9738843658035105	0.9737774656183412	0.9747259555517527	0.9625676325122663	0.9632133905371214	0.963490291123197	0.9739197821289503	0.9732457434530566	0.9766707336099999	0.9738838961331535	0.9730699420434638	0.9767131806365364	0.0254
MAR	0.05	lin	mae	3.9353099265797753	3.923581230028769	3.9508174972405268	5.081128314505507	5.052048023982362	5.097956704345843	5.075682338445994	5.043980617387064	5.0907875791680555	5.50203774169252	5.454950019892192	5.56438953784195	5.459917165479181	5.3212289128138215	5.4996163250875565	5.466586660014274	5.3215102672131165	5.512714074707584	0.0254
MAR	0.05	lin	mse	24.32994689114471	24.21854055788662	24.470028426710662	78.4138234976004	76.85769389164766	79.01316925721767	78.05342318917356	76.77900184163633	78.48571548547751	111.88625658814388	108.00826454087459	111.78513282702937	77.91061958445054	70.8710388948476	80.27615280721714	78.01791485739827	70.74209175828996	80.80364955917274	0.0254
MAR	0.05	lin	rmse	4.932509868275909	4.921233641871377	4.946718955702927	8.851279758069634	8.766851994396145	8.888935215042219	8.830657018430074	8.762362800160487	8.859216414868614	10.573536793318727	10.392702465714805	10.572848851044329	8.79779479153349	8.418493861424833	8.95969602203206	8.803291251418639	8.410831811318662	8.989085023470006	0.0254
MAR	0.07631578947368421	lin	ev	0.9919039383968409	0.9918810496685545	0.9919421890875086	0.9669445049779984	0.9659759809609829	0.9677097302363875	0.9670838112930914	0.966077496367295	0.9678925639101208	0.9537402644458834	0.952584326810838	0.955230984838649	0.969102842258336	0.9665326629588799	0.9697563722748253	0.9690097260678929	0.9663899099730463	0.9697741177731238	0.0372
MAR	0.07631578947368421	lin	mae	3.9269633944302598	3.9176968482563317	3.9300122194564233	5.548906084742029	5.469425289044838	5.550652299322638	5.542330572906425	5.461796855434875	5.545445225576468	6.176946379472284	6.1759293430919335	6.207757955866105	5.94391407489879	5.943885464921563	6.009278881179583	5.949683879854872	5.957124386196512	6.028057074007993	0.0372
MAR	0.07631578947368421	lin	mse	24.265904220505703	24.150841003036675	24.370001017750464	98.83986174257377	96.88696171324413	100.61168352381706	98.42347047614867	96.33836923394412	100.3114945331823	138.35263116082234	134.02006284383305	142.2726438765655	92.33881687508922	91.87589875311727	99.01444647530835	92.6145601970097	91.82199383749128	99.62339648507205	0.0372
MAR	0.07631578947368421	lin	rmse	4.926021970959994	4.9143505169082795	4.936598121961161	9.93485803505423	9.843117479398696	10.030537549095614	9.913665936453299	9.815211115098041	10.015562616906866	11.759075168319331	11.576703453221606	11.927809684789807	9.59953798918296	9.58519163883108	9.950600307283393	9.613178023669871	9.582379341139196	9.981152062015289	0.0372
MAR	0.10263157894736842	lin	ev	0.9919394783498527	0.9918039757395382	0.9920263948942505	0.9566246627080979	0.9556443361931809	0.9579214205238012	0.9568671031953299	0.9557329034846979	0.958224923746398	0.9364249928991303	0.9353917645855188	0.9392143608356007	0.95885250384075	0.9552348206920438	0.9616104349407415	0.958706335174407	0.95510588161978	0.9615660057509966	0.0512
MAR	0.10263157894736842	lin	mae	3.9225892762000805	3.9136739813285772	3.9318055510550165	6.157380389257179	6.087514626178476	6.186554450346533	6.148676059235617	6.080243319888829	6.183800984456913	7.066633245953895	7.01683940518879	7.124612525935457	6.602005997210044	6.493092379160711	6.744296187010936	6.60601361322369	6.491637962572116	6.752221612075177	0.0512
MAR	0.10263157894736842	lin	mse	24.2153787335901	24.12496212206984	24.461585144301303	129.65241975302084	125.94386830557293	131.16316459566136	128.92653450874317	125.08669219017557	130.90126419246536	190.0426792115575	183.1374824710098	191.13366530567097	122.9714531048013	114.12946422976198	132.37413393914926	123.40925445656549	114.564849879799	132.75542059340603	0.0512
MAR	0.10263157894736842	lin	rmse	4.920856586964801	4.911716820223845	4.94586545958352	11.384395870378059	11.222471577400984	11.452648802598523	11.352515190413788	11.184216208129007	11.441209035432635	13.781737945459867	13.532829802779972	13.825109956368195	11.078441596888231	10.683139249759968	11.505395861905372	11.098078229765559	10.703497086457258	11.521953853119099	0.0512
MAR	0.12894736842105264	lin	ev	0.9918888895623587	0.9918549253899989	0.9919233668896814	0.951238688969784	0.9505640395842844	0.9508887474426705	0.9515382334686441	0.9506328983005082	0.9511576466007261	0.9287497099913761	0.9280246152800428	0.9286866334331657	0.9556722501935189	0.9544684087869567	0.9577405531358775	0.9556372901437469	0.9544740399863894	0.9577722356278069	0.0626
MAR	0.12894736842105264	lin	mae	3.9299176508865505	3.913695560252788	3.922157086737553	6.536583825672269	6.5160012728891425	6.523633574119902	6.525930065374493	6.508778204081237	6.517286449442622	7.548234339409916	7.520137563881421	7.574193962583078	6.92847032985113	6.808236747602818	7.071873439169298	6.92905877503306	6.812270230484122	7.06929127029446	0.0626
MAR	0.12894736842105264	lin	mse	24.296926432617706	24.082511180682967	24.26028079979615	145.74778860543094	146.18599873043146	148.9918917783717	144.8515342771148	145.98237812474625	147.84736616757428	213.01175990234756	212.7960020791976	216.68312819443946	132.47739318621203	128.07916273075017	136.61754971066816	132.5808190555212	128.2449616462593	136.6006676052517	0.0626
MAR	0.12894736842105264	lin	rmse	4.929091948451751	4.907393522093268	4.925472647350318	12.070941925805602	12.09074020605982	12.206223485516382	12.03375872586109	12.082316753203678	12.159250230486018	14.59396561155934	14.587528991546087	14.72016060355455	11.505451369232825	11.317206489710708	11.688351026157118	11.509955869912616	11.32452920196947	11.687628827322149	0.0626
MAR	0.15526315789473683	lin	ev	0.991861277024026	0.9918323676511623	0.991898326193954	0.9406119130545113	0.9392839539270715	0.9410721847191265	0.9409735055114405	0.9396021256048345	0.941435320906513	0.9096984483168855	0.9062051345908653	0.913719452639267	0.9478528841066403	0.947075278018665	0.9503174170349835	0.9477642606963327	0.9472097213032908	0.9501482104555674	0.0762
MAR	0.15526315789473683	lin	mae	3.937583153416658	3.927348987809469	3.938676310025679	7.228905771943846	7.176013182996651	7.216656370592488	7.215670898607239	7.160339600784714	7.211834545506865	8.505276345045408	8.42410069106023	8.624358812790515	7.488640431962027	7.379715629755929	7.481317731174257	7.500484376763576	7.406829453291578	7.492285321900891	0.0762
MAR	0.15526315789473683	lin	mse	24.332747772645014	24.190923446443392	24.526944866173988	177.54976469990382	174.32860365641253	179.54209363984208	176.46911174941698	173.27679883080728	178.60123512125807	270.0024680913072	258.22581298916	280.73401815101096	155.85953941813347	149.07260139929264	160.777881624514	156.12150935857207	149.58032509209224	160.36964592997703	0.0762
MAR	0.15526315789473683	lin	rmse	4.932770987470734	4.918426928037397	4.9524685628657945	13.321820776535967	13.203355772545574	13.399331835574566	13.281069056401503	13.163464545126685	13.364177308059709	16.427387711128198	16.06940611812272	16.75511916254286	12.47951536969923	12.209529122750501	12.679821829367873	12.490303724008436	12.230303556825245	12.663713749527703	0.0762
MAR	0.18157894736842106	lin	ev	0.9919315762126779	0.991862197341286	0.9919730507756744	0.9335066480578533	0.9333493502557105	0.93377900533759	0.9338448977255605	0.9338995582668058	0.93409467174831	0.9018739877057289	0.9002075063077325	0.9061668536004898	0.9411418695648844	0.9382729199018736	0.9443644491810278	0.9410460350988525	0.9382210799788487	0.9441662909782504	0.08819999999999999
MAR	0.18157894736842106	lin	mae	3.9348263464310476	3.9226730913752013	3.9411397385133173	7.7778854660785415	7.692916360459972	7.854533833626465	7.764476825334592	7.670526608007173	7.8454173630439525	9.159415865719732	8.983684360517817	9.137036628160187	8.016171490657175	7.839853309204257	8.322240549764562	8.024300842098437	7.846036743394872	8.323922431834873	0.08819999999999999
MAR	0.18157894736842106	lin	mse	24.31953869433252	24.26456277473045	24.315272751029582	198.7535239362134	197.17538563636313	201.17009296043878	197.74234948492563	195.54768242290388	200.51683315835987	293.25798301669	283.9139491472853	299.47941982284163	175.90423070626755	169.01299938508845	185.21211776548694	176.19063026200163	168.87359914286958	185.367755824876	0.08819999999999999
MAR	0.18157894736842106	lin	rmse	4.931454498174097	4.925907304723714	4.931051890928504	14.097660628021453	14.041915312248651	14.183444326412353	14.061606582230695	13.983836470114483	14.160396645516673	17.120221938953648	16.84974626358763	17.305473695419078	13.2567925525053	13.00049996673545	13.609265879006367	13.267452998199824	12.995137519198078	13.614982769907423	0.08819999999999999
MAR	0.20789473684210524	lin	ev	0.9919218789699251	0.9918434490810756	0.99198683023316	0.9220670846835155	0.9199333402902508	0.9236738497608807	0.9224720020427484	0.9202319381116726	0.924111363393363	0.8871560569420979	0.8848921909756109	0.8870921578589072	0.9333653382971431	0.9288968141021684	0.9403882152425158	0.933078081603357	0.9286809240984695	0.9398753167253278	0.101
MAR	0.20789473684210524	lin	mae	3.9311131722148978	3.9194282651048082	3.933969397340277	8.500682325671171	8.433506455748196	8.530714773811352	8.486590940036347	8.418283017836	8.520705133644327	9.964908245348212	9.911597266434553	10.003887554515059	8.58727526359714	8.187154311837741	8.898175159265644	8.608529684392773	8.205073121146436	8.898487173863707	0.101
MAR	0.20789473684210524	lin	mse	24.219166309503187	24.10030696169003	24.375894793213067	232.92356566661957	229.0166310183701	236.763370555625	231.7132681986249	227.70387126536568	235.88039346008134	337.35687082528364	334.9498055640726	340.575463012102	199.04340260736285	178.5709830128399	210.34750828637132	199.90981169603992	181.24361799305146	210.98684565661273	0.101
MAR	0.20789473684210524	lin	rmse	4.921264303758048	4.909206347434383	4.937195032932471	15.2608175615415	15.133295444759218	15.387117031972721	15.221052601146464	15.089859882231037	15.35839814108494	18.36545169598974	18.30163395885932	18.4546867492272	14.094913450678083	13.363045424334974	14.503361964950448	14.127136530525055	13.462674993962064	14.525386248104136	0.101
MAR	0.23421052631578948	lin	ev	0.9918169309054425	0.9916090665854232	0.992006894365784	0.9147740960966683	0.9125933431489252	0.9188690785277698	0.9153913298451581	0.9131818242805193	0.9193036567353153	0.8745134467263614	0.8726294359642272	0.8800015964839701	0.9271739826617036	0.9198717634393225	0.9336707453281687	0.9268493937111824	0.919637321976694	0.9334287271121091	0.11560000000000001
MAR	0.23421052631578948	lin	mae	3.9428405224539524	3.9192861891388846	3.9552607442904586	9.068920844001942	8.940270900263483	9.193444749386492	9.038948272435693	8.919747089466886	9.166099518868139	10.764442663390597	10.540220822518304	10.843378402691085	8.977809746400748	8.633994189997424	9.39331714703753	8.994263511627734	8.652934460395127	9.400375129395869	0.11560000000000001
MAR	0.23421052631578948	lin	mse	24.44154638684203	24.33730381712947	24.60731232434891	254.73725597549873	246.4643591921034	261.6586955722503	252.89220369018193	245.14417155589828	259.85232927193204	375.0439490019692	355.06873927293066	381.26425141986675	217.64116672129094	197.07815612120174	236.94545811650016	218.61146275145984	198.91297735545962	237.63873011284895	0.11560000000000001
MAR	0.23421052631578948	lin	rmse	4.943759706018775	4.933285296547268	4.960575805725472	15.95731337773924	15.699183392524064	16.1758676914795	15.899315804354899	15.657080556601166	16.119935771333957	19.358678994465606	18.843267744022814	19.52598912782312	14.72736752172293	14.038452768065351	15.393032778387116	14.761348218616556	14.10365120653016	15.415535349537782	0.11560000000000001
MAR	0.26052631578947366	lin	ev	0.9919208566442614	0.9917835862517165	0.9920260892277768	0.9057539921026198	0.9032274762432126	0.9052779024045414	0.9062977175243508	0.9037876282434862	0.9054251475533858	0.8604622900306736	0.857188833221091	0.8610051514980707	0.9182107289633767	0.9134891509497574	0.9231179364669742	0.917920984064682	0.9132928818083326	0.9229058145993488	0.128
MAR	0.26052631578947366	lin	mae	3.926309971180186	3.9209808285875862	3.922068755925457	9.66610721383593	9.6396383310879	9.822531528112693	9.64236021036729	9.619996078225444	9.786168485294263	11.506916873874548	11.329373059614706	11.67237455198454	9.546371322338908	9.342914170041297	9.827158727524004	9.563213109421206	9.336432535776469	9.837558737474966	0.128
MAR	0.26052631578947366	lin	mse	24.23271514638028	24.15185013195927	24.295794283062236	281.77858169372223	286.1639162279352	287.7524458191618	280.1566609844314	284.50750298315864	287.3051357110608	417.22642105671105	411.0220258845464	428.5193033042161	244.54323235586395	230.11291267902885	259.5758220997098	245.41146061539735	230.7479178476319	260.1648525390799	0.128
MAR	0.26052631578947366	lin	rmse	4.922634643412856	4.91445318748274	4.929076412783863	16.781844301724362	16.916380115968522	16.963267545468998	16.733419120565706	16.867350206335274	16.950077749410497	20.422903453782286	20.273678153816746	20.700707797179692	15.623950945926257	15.16947305212112	16.111356929188485	15.651865207747392	15.190388995928705	16.129626546795183	0.128
MAR	0.2868421052631579	lin	ev	0.9919535483033979	0.9919182986727334	0.9919517642799655	0.899194647546073	0.8988469871953598	0.9009764347173652	0.8998066377621432	0.8999466328936334	0.9017407265089447	0.8485811865156206	0.846903001795146	0.8576412995326489	0.9103986192509647	0.9098295348217764	0.9119606133051268	0.9102185313766675	0.9092649201474183	0.911580584755799	0.14
MAR	0.2868421052631579	lin	mae	3.923082341524213	3.894906066065705	3.9471919421260666	10.18419830561072	9.946806261354181	10.266640581386577	10.159465052629177	9.946709434832792	10.22016795521264	12.227821237897988	11.84274681990971	12.479575387546758	10.091604131095707	9.929200135752648	10.323917292579925	10.105646463030915	9.951346576713268	10.326900577729853	0.14
MAR	0.2868421052631579	lin	mse	24.173998232943088	23.93245083227246	24.4359360034062	301.45267000764136	292.94552636171363	302.75740963607234	299.62153305780487	290.6844902079545	299.46610002604854	452.9864380599059	421.0212252808586	459.4384369646562	267.85152838605273	263.5074914987167	273.3591844638723	268.39460159182374	264.64573280068726	273.04682816539326	0.14
MAR	0.2868421052631579	lin	rmse	4.916632165022578	4.892080419644842	4.943271791375243	17.35727306832401	17.115651502695233	17.399925564095735	17.304500123614925	17.049471845425433	17.30508884767855	21.269745603910877	20.51880175061055	21.434515085829588	16.365179969060154	16.232913832664693	16.533577485343947	16.381790777607613	16.26793572647394	16.52412866584478	0.14
MAR	0.3131578947368421	lin	ev	0.991886244009299	0.9919282280532333	0.9919469833927097	0.887042894854868	0.8833045973259195	0.8908655603111536	0.8877654981047222	0.8841789964676978	0.8916778896758779	0.8331512127212222	0.8275387916632219	0.8385493051323888	0.9076820156351306	0.9047245498996764	0.9140460877206631	0.9073534855993264	0.9042218637155414	0.913530136145193	0.1538
MAR	0.3131578947368421	lin	mae	3.9192352005984668	3.909526641290165	3.9315317695561682	10.944860397396212	10.92971505752164	11.007714831887633	10.913462241192995	10.887034473522503	10.972031108751393	13.063114785362284	12.973821942763054	13.151170946189469	10.334878892470922	10.12841511673627	10.280301439767161	10.357326027506852	10.1433339551143	10.301171471366942	0.1538
MAR	0.3131578947368421	lin	mse	24.1892923857092	23.907306854794065	24.476852683812083	337.56741928747175	327.457910916712	345.2248569598367	335.40446463390583	325.020516474524	342.63808565840606	498.6257986246381	485.96661616791073	510.27848567643434	275.9059424009559	261.11592874280575	281.73695241853784	276.89019317628726	262.68335484818743	283.2234376352177	0.1538
MAR	0.3131578947368421	lin	rmse	4.918176048408803	4.889509878790927	4.94740868372647	18.37073870917049	18.095798156387357	18.580227580948428	18.311587413711987	18.028325392962156	18.510485829885884	22.32724887987381	22.04465051135787	22.58934451630756	16.602016444163105	16.159081927597427	16.78502166869432	16.632195450475372	16.207509211726133	16.829243525340576	0.1538
MAR	0.3394736842105263	lin	ev	0.9917837063905276	0.9916651582566449	0.9919336882181771	0.8806004210500327	0.8787520837628447	0.880654211370512	0.88110703505165	0.8794522261424536	0.8815680127182511	0.8225906696289185	0.8202896987405459	0.8240720150275807	0.8990444272329963	0.8989443217666577	0.9032332588750721	0.8988128828079909	0.8985373797840649	0.9028462081820161	0.1652
MAR	0.3394736842105263	lin	mae	3.945168609127767	3.933772327483308	3.9455750997548336	11.49140214805647	11.407841014150467	11.719367197554593	11.469911811187204	11.381436515143362	11.681206542320568	13.79035411185231	13.6486756909719	14.032626820817372	10.823242846988766	10.470094108994376	10.97435840364981	10.834933028510454	10.47993175098921	10.98964443659144	0.1652
MAR	0.3394736842105263	lin	mse	24.520968821723844	24.48175154500401	24.604083767321924	357.02237030645034	353.06560382198495	363.80440003377856	355.5112047382442	350.36226733799305	361.7036226657487	530.4494063505186	527.8765559477041	544.1701583048248	301.8383964674805	287.79554225006046	302.4660810650579	302.5321527909191	288.38804164070024	303.6843198824233	0.1652
MAR	0.3394736842105263	lin	rmse	4.951818158360512	4.947903752601096	4.960250373451115	18.89092074433705	18.790040016508346	19.073657227542352	18.850963163585458	18.71796643169319	19.0185073721822	23.027790711204126	22.975564322725656	23.327455032746816	17.363311804497485	16.96453778474558	17.391552002770133	17.383601877743292	16.98199168651016	17.426540674569445	0.1652
MAR	0.3657894736842105	lin	ev	0.9919399378870153	0.9919021865486791	0.9920458098877196	0.8682508965622162	0.867268462166134	0.8695627261801594	0.8689023507904613	0.8676409365112965	0.8702241561277813	0.8081719081329792	0.8059640776708302	0.8119411136898285	0.8850621503663654	0.8806793689974217	0.8858524467361498	0.8850118637438242	0.8805660995250495	0.8858792103731087	0.17919999999999997
MAR	0.3657894736842105	lin	mae	3.9131166748658766	3.8585043372231373	3.9522030023025887	12.215121589272758	12.063879074982623	12.35812528242479	12.18337796624329	12.049210685262533	12.311226899242994	14.493388758320847	14.30572702159185	14.59424075868095	11.767212888274472	11.707748549993683	12.12907257759381	11.7672834763601	11.70134503927869	12.13636437281905	0.17919999999999997
MAR	0.3657894736842105	lin	mse	24.066712718280655	23.4451577515037	24.472194522822633	393.85296849500116	392.4975313132869	396.25014141834606	391.9028391353909	390.3336273734607	394.2408100162999	573.4778323321704	564.517234832054	582.2731933944514	343.4683586888807	337.5432364657036	358.0215802524654	343.62142527836215	337.4641169864618	358.36150606832916	0.17919999999999997
MAR	0.3657894736842105	lin	rmse	4.905485963856238	4.842020007342359	4.946937893568367	19.84423996365779	19.81155045202891	19.90603278954262	19.79505049111118	19.756862791786066	19.855498231379134	23.945740591341057	23.75957143620343	24.13033761459734	18.524082149073916	18.37234978073582	18.92145819572227	18.52851784139019	18.37019643298519	18.930438612676916	0.17919999999999997
MAR	0.3921052631578947	lin	ev	0.9918950867515293	0.9917627714032851	0.9920562588989998	0.8628792589580266	0.8627598654394056	0.8645234047822766	0.8635489652037183	0.8634536110861397	0.8651982384045636	0.7989650731783606	0.7993444229189164	0.8004500615840624	0.8873662354639329	0.8778143855869527	0.893212563814556	0.8871119926150908	0.8778560635433599	0.8930197303429566	0.192
MAR	0.3921052631578947	lin	mae	3.911913180300048	3.874430490996318	3.939889001509332	12.741331790700098	12.52864393191498	12.864271298630067	12.711004261378704	12.520587555993213	12.833774507597715	15.220777773064947	15.069524405412288	15.414445374751033	11.547432195604568	11.198854605288313	12.079844632375524	11.568993608333063	11.21224211032657	12.09838872452617	0.192
MAR	0.3921052631578947	lin	mse	24.115004880631016	23.798619635269418	24.32662177585685	409.9299838216283	400.61488054362496	416.9162781109619	407.92398303359505	400.2405937593705	414.8087761479385	600.9984815334286	593.4896072029346	606.2100822616932	336.6327775504608	320.41572637506255	365.7093257907312	337.39336622695663	320.99468348003006	365.584672313351	0.192
MAR	0.3921052631578947	lin	rmse	4.910456609869816	4.878382891416932	4.9322025278628665	20.245177812542813	20.015366110656707	20.418527814486573	20.19574491193513	20.006013939797466	20.366854841824214	24.514561094917717	24.36164212861963	24.62133388469628	18.334548825491485	17.900159953896015	19.123528068605207	18.35587488952735	17.91632449695054	19.120268625554168	0.192
MAR	0.4184210526315789	lin	ev	0.9917937062340494	0.9916469024573955	0.9918653988652903	0.8520312701289621	0.8501268868846644	0.8536030345615514	0.8527496223565627	0.8504096118481687	0.8538730718404329	0.7818643821174204	0.777766910825624	0.7837520374884965	0.8759846190867755	0.8708172464936037	0.8823919808220168	0.875462321859523	0.8704667022854679	0.8817095236369964	0.2052
MAR	0.4184210526315789	lin	mae	3.936991721888435	3.9175996610243318	3.944956552020521	13.378395762688474	13.335689172363642	13.437176658002572	13.343363718206382	13.289170057769418	13.421141780246925	16.01053535161443	15.87563070713994	16.08415811398964	12.186193422817118	12.067701670742924	12.330987996882305	12.208925841719157	12.101127191879806	12.330140125731722	0.2052
MAR	0.4184210526315789	lin	mse	24.407855689818142	24.129060371337406	24.496193902050898	442.32757757994614	443.18650915982414	444.73344588851865	440.1834315354128	441.8378206314957	443.9131105134264	652.0485529301988	640.5807413603004	665.0193439527299	370.54307110553304	352.88288808625214	386.6522087363635	372.11270141806824	354.9306138942397	387.7016349723155	0.2052
MAR	0.4184210526315789	lin	rmse	4.940281906955716	4.9121339936261315	4.9493629794197656	21.030827734302527	21.051995372406488	21.088704224975952	20.97963766127982	21.019938644808068	21.069245608550546	25.5343114494436	25.309696587677625	25.787968976883967	19.24336116471608	18.785177350407213	19.663473974259063	19.28467623504613	18.839602275373004	19.690140552375837	0.2052
MAR	0.44473684210526315	lin	ev	0.9919368013131299	0.991713296377056	0.992185571130202	0.8460792928941261	0.8464791099972013	0.8490316762460343	0.8468527815282444	0.8472176115442114	0.8498020498489445	0.7742698276738016	0.7726527390474817	0.7781175006606748	0.8710366037866191	0.8654993053790998	0.8721475828276379	0.8705710010637674	0.8654311459201831	0.8717930594221321	0.2186
MAR	0.44473684210526315	lin	mae	3.935531508186626	3.9478027667601614	3.9602193869298996	13.941436684908274	13.891238731771567	14.034676160344052	13.899894767734057	13.849532938445565	13.991755668619192	16.581972335311324	16.405869028877085	16.66880989605219	12.702143635581152	12.526501334839967	13.067478763785289	12.725875814804189	12.534810488767272	13.068520459669875	0.2186
MAR	0.44473684210526315	lin	mse	24.167736599000982	24.26242557172221	24.46224422437785	460.0533261340812	452.32192530256776	460.6394651012132	457.7408649333478	449.81517174399335	458.4235910427384	674.6863960729968	657.6165494364413	682.1555522273784	385.5336992066023	378.23111638400155	403.5693645651977	386.9243776455953	379.28027916334304	403.7740799391988	0.2186
MAR	0.44473684210526315	lin	rmse	4.915845322384858	4.9256903649866395	4.945932088532742	21.446188060782777	21.267861324133364	21.462513019243882	21.39187526873507	21.208846544402018	21.410828826618047	25.971643915571967	25.644035357884714	26.118107745917936	19.622892997494667	19.4481648590298	20.089035929212674	19.65960291910168	19.47511949034827	20.094130484775867	0.2186
MAR	0.47105263157894733	lin	ev	0.9921617574263992	0.9919929477444003	0.9923260311930736	0.8421663113182701	0.8403247514576402	0.8460867500575858	0.843033498826958	0.8413296364510101	0.8471338191860357	0.7619948948255288	0.7584970003909828	0.7677479701889858	0.8734581278230611	0.8761821710406591	0.8798509398644991	0.8727820003925283	0.8746266784428195	0.8798459763663299	0.22960000000000003
MAR	0.47105263157894733	lin	mae	3.893500349699513	3.8637845256207157	3.935405553386439	14.29066688531383	14.211238595223682	14.428946397072147	14.250864999908618	14.162893182950036	14.357558683349698	17.204913118544564	17.082046358121737	17.443901829900852	12.570009123235446	12.235886552578604	12.413487958595471	12.60529009081862	12.302192758780317	12.463775762502017	0.22960000000000003
MAR	0.47105263157894733	lin	mse	23.871139551389195	23.632108372967593	24.249636465904562	471.8752325492519	460.6721596244644	485.0710074124192	469.2794934751316	457.5382150364606	482.0183077578556	711.540920756326	699.0892346578473	714.504285268087	378.35710809759144	357.1434928723628	376.14119644218266	380.3902170327241	359.628645427708	380.86704869255345	0.22960000000000003
MAR	0.47105263157894733	lin	rmse	4.885526732429269	4.861286699318154	4.9243919894647465	21.720017586383896	21.463274671504916	22.024327626795312	21.660423398431426	21.390142941001134	21.95491534390091	26.670739904710256	26.44029566131679	26.730212967129294	19.435345526764383	18.898240470275606	19.394359913185653	19.487880820007703	18.963877383797545	19.515815347880125	0.22960000000000003
MAR	0.4973684210526315	lin	ev	0.9918672185968893	0.9917356462157737	0.9920014025104347	0.8349023975766192	0.833020484562702	0.8369603198927862	0.8356492648240984	0.8343023294143107	0.8386606774755831	0.7529296487918223	0.7500966485623064	0.7565818828073513	0.863822022899245	0.8626354666162538	0.8661808654834944	0.8635284612718944	0.8623377230973717	0.8660023016311496	0.2424
MAR	0.4973684210526315	lin	mae	3.9419222958866387	3.915031333844783	3.972976641071028	14.85802213867414	14.694243949759914	15.025269836823544	14.820651262840432	14.622617698789677	14.95688917266134	17.88638889084743	17.71504308021345	18.04939692341141	13.278644096665847	13.064457753063175	13.522274102993217	13.301822084627807	13.09768899406126	13.536681393265729	0.2424
MAR	0.4973684210526315	lin	mse	24.494490795165753	24.336403995876996	24.787505303976513	493.53664905676186	484.1331337184334	499.7803244251351	491.3091659396102	484.54977063190097	495.94368114513793	738.6496462555551	726.9479238901765	749.9873397028813	407.0975265739395	400.5291923850619	407.65108858847685	407.97226970936447	401.064089561707	408.2042426627943	0.2424
MAR	0.4973684210526315	lin	rmse	4.948986844161295	4.9331940967163455	4.978705183476575	22.21439170110734	22.00302555828251	22.355767140161735	22.164171567480587	22.012491240927297	22.269793019809097	27.17646392383518	26.961971810128734	27.385896729938956	20.174302152303653	20.01322543682207	20.19037118500987	20.19605653122034	20.026584570557883	20.204065003429243	0.2424
MAR	0.5236842105263158	lin	ev	0.992017096857927	0.9919830445316064	0.992162028640396	0.8243565408742135	0.8221577979681723	0.8276788021311563	0.8253989882570106	0.8236072465291244	0.8281633883581478	0.7353163462172031	0.7298236999679828	0.7396934702377098	0.8518146230773913	0.8463927848349388	0.8576014489443493	0.8514299717630436	0.8461490193492072	0.8569899846715947	0.25739999999999996
MAR	0.5236842105263158	lin	mae	3.931920807895581	3.9053847098928767	3.98864335972733	15.547923365579816	15.389006099860675	15.654811354092415	15.49608770921348	15.363029861036404	15.589611453116241	18.663730819352068	18.49076092397075	18.812634104670593	13.912934718543038	13.628519030678452	14.42711882052767	13.942895630294299	13.64950885840582	14.431993563810208	0.25739999999999996
MAR	0.5236842105263158	lin	mse	24.23287948950745	23.882012454830516	24.769419925776923	525.1089468513717	515.6134378252593	528.2400178690466	521.991914115331	511.8935484550003	525.1235351494722	791.3799887844737	771.0836524364073	801.2226801493491	442.86882402644653	426.7610227003734	460.8984837700642	444.0295910265846	428.03816366100205	461.6299816101635	0.25739999999999996
MAR	0.5236842105263158	lin	rmse	4.922364672721777	4.886922595543182	4.976888578798698	22.91364524333438	22.70712306359525	22.983472711255942	22.845592826654414	22.625064606648095	22.915574074185272	28.129410854443613	27.768393047427274	28.305877130895436	21.039314278821752	20.658195049431917	21.468546382325567	21.067025035174712	20.689083200108264	21.485576129351607	0.25739999999999996
MAR	0.55	lin	ev	0.9920223091121756	0.9919119613833404	0.9919596616218459	0.8142436037588154	0.8067940705989938	0.8214977797897538	0.814875653670469	0.8073385055898596	0.8222792121725736	0.7212219037766588	0.7148380536239434	0.7260696288762685	0.8449524930137065	0.8449357740112979	0.8455550701235973	0.8446353405231534	0.8446144447135889	0.8454430088967386	0.27
MAR	0.55	lin	mae	3.901177171746344	3.8663483616834142	3.955066423286984	16.2485614825108	16.040086345851943	16.549956838911267	16.218468061156397	15.996990830571056	16.567592535904108	19.568213237127708	19.347966614755386	19.784951777939625	14.308832437335457	14.212647317533937	14.330333769638072	14.330035437715377	14.260303725526871	14.347089532093658	0.27
MAR	0.55	lin	mse	23.995938077449644	23.647024114332083	24.56644666632964	555.3366026873433	535.4665808094975	575.5971509420426	553.4435510122794	533.251263985634	576.7414698291512	833.4395162464443	810.4106428864418	843.3349363482218	463.4788489810567	464.11710423526216	469.18203296243865	464.4326705095129	463.74828968176826	472.0243850548531	0.27
MAR	0.55	lin	rmse	4.89818878601385	4.862820592447565	4.9564550503691285	23.560689079949505	23.140150838088708	23.991605843337013	23.519984326354212	23.092233845724714	24.015442320081288	28.866799101689757	28.467712287545023	29.040229619412823	21.520683121449327	21.5433772708752	21.660610170593962	21.542914799582434	21.53481575685681	21.726122181716025	0.27
MCAR	0.05	lin	ev	0.9918901433999331	0.9918732662716521	0.991908614675821	0.9771967693978356	0.9769098203504838	0.9781582642649423	0.9771802854740634	0.9768784657051617	0.978153134901582	0.9675586698700818	0.9667600872063736	0.9684447494274611	0.9776447377756469	0.9766917551767255	0.9792952583632836	0.9776486807373148	0.9767219741496845	0.9791378005294941	0.024
MCAR	0.05	lin	mae	3.927323713423852	3.9150353910778244	3.9448146581212464	4.956317054410824	4.918140191881199	5.0179882406390774	4.957089374440747	4.918817444915071	5.019733409484441	5.34101755207762	5.2666555007851334	5.404996438387357	5.399735700911608	5.325223927266043	5.488546779449698	5.402042200127186	5.32953135512943	5.489369238744584	0.024
MCAR	0.05	lin	mse	24.2428999869383	24.105704054990575	24.394949589986375	68.13708202624228	65.37370612848747	68.3086375642775	68.18630666401893	65.389058639708	68.40139531392579	96.97430730346122	95.13231382731861	99.74532953534167	66.76463163957065	61.97061037838763	69.93639385262522	66.7544786267262	62.441892174336196	69.84594840102169	0.024
MCAR	0.05	lin	rmse	4.923666569553635	4.909756007684147	4.939124374824588	8.252353890638645	8.085400801969403	8.264903965823045	8.255340162640396	8.086350143278981	8.270513606416822	9.846469266974207	9.753579539190657	9.987258359296693	8.15759964577744	7.872141409958769	8.362798207097025	8.157192341199902	7.902018234244729	8.357388850653157	0.024
MCAR	0.07631578947368421	lin	ev	0.9918885040934823	0.9918438897200182	0.9919026168824158	0.968535538253702	0.9665492196987306	0.9705097507748554	0.9685132004948468	0.9665126750305677	0.970476862540808	0.9545494082517811	0.9520212692967792	0.9584592813717384	0.9704872605953645	0.9699282018803228	0.9710143826410629	0.9703303529118322	0.9697516257770652	0.9709417735766934	0.0366
MCAR	0.07631578947368421	lin	mae	3.9323818085842035	3.9165346355636004	3.9535832823841175	5.4948225755105184	5.440255167025273	5.535880132020877	5.496207041177753	5.439703381802588	5.537121069508699	6.067600198524565	6.010993893979582	6.13188470495806	5.89982161993262	5.809745024622236	6.0008119153195	5.911803248677231	5.811343848848992	6.01245457999436	0.0366
MCAR	0.07631578947368421	lin	mse	24.289511879984012	24.15503072718566	24.50846438657016	94.05061370128726	88.26619412879634	101.61877841175674	94.11725816694135	88.36463070791156	101.72979598751226	135.84488798547216	124.33485966118683	144.09037041687387	88.22847732830438	86.97135142719551	88.94022615248382	88.6983648524122	87.18936248397462	89.48509874342558	0.0366
MCAR	0.07631578947368421	lin	rmse	4.928393297938804	4.914776772874396	4.950602426631547	9.69167860647562	9.395009000996026	10.080613989820101	9.695015402343104	9.400246311023533	10.086118975478739	11.647418341967732	11.150554231121735	12.003764843451153	9.390892679848184	9.32584320194134	9.430812592374203	9.415741726693943	9.337524430167486	9.459656375546924	0.0366
MCAR	0.10263157894736842	lin	ev	0.991929012219896	0.9919008438554058	0.9919753675888469	0.9621070384407965	0.9601662467176808	0.9630178872257708	0.9621350248518752	0.960240292704446	0.9629951817947283	0.9433062284704121	0.9419139526843217	0.9453768931342328	0.9658481190527166	0.9650290056570351	0.9667964380721243	0.9657345110681032	0.9648265456470085	0.9668066473566213	0.0492
MCAR	0.10263157894736842	lin	mae	3.930586769322736	3.9283132736590654	3.9416907827837226	5.9848752404666525	5.948137255099063	6.075331715048029	5.984583661948785	5.948449384933684	6.074584915677156	6.8306695230757954	6.697648276234891	6.926667914942765	6.3775235487679165	6.373419257700619	6.478459225065056	6.382588420224563	6.378321163763496	6.483507486520307	0.0492
MCAR	0.10263157894736842	lin	mse	24.32996114557305	24.34867222720215	24.417237555761247	113.27749169627387	110.9741538987655	117.84184692750097	113.19429246695385	110.94079623487751	117.62279360917212	169.49192533020727	162.979302798116	171.83841570263368	102.06029420556106	100.86776367072649	104.93047641859842	102.4000456866556	100.83681891000795	105.53799173106455	0.0492
MCAR	0.10263157894736842	lin	rmse	4.932524063124186	4.93443737696631	4.941380126620623	10.639566621312074	10.534427079759274	10.855498465178878	10.635776631744479	10.532843691751886	10.845404262136665	13.015880556976978	12.766334744088297	13.108715257516035	10.098046723736717	10.043294463009959	10.243557800813075	10.115124697534629	10.041753776607349	10.273168534150726	0.0492
MCAR	0.12894736842105264	lin	ev	0.9918884201451634	0.9918297886473789	0.9919153895853464	0.9508271865925518	0.9489851782995199	0.952336976758061	0.950818683687565	0.9489674515791164	0.9523822479522142	0.9264739078831757	0.925226476324299	0.9287883873885816	0.9575904589884356	0.9529441422593167	0.9608397033622258	0.9573547470368758	0.9525200498933944	0.9607126169850626	0.0622
MCAR	0.12894736842105264	lin	mae	3.929447454341434	3.9058598078109505	3.9425697917606435	6.712236886305678	6.61791594029269	6.835786746471229	6.713259745421629	6.616260923447546	6.8416799788943	7.726156766751406	7.628885951867057	7.803810794383269	6.9762482665754435	6.804533070716847	7.159572196683912	6.98222750531208	6.79412974294294	7.163171197919017	0.0622
MCAR	0.12894736842105264	lin	mse	24.299280708763966	24.144401989388406	24.515729091339413	147.0239470251659	141.00350145693037	154.73337926686756	147.04996242086102	140.86957380281711	154.93860650029808	219.84390682932607	213.20157749762924	227.2088641884786	126.75021132093461	115.84953216227365	140.66208623720607	127.45738482011848	116.22554421857386	140.93648368418707	0.0622
MCAR	0.12894736842105264	lin	rmse	4.929388593655953	4.913695349672017	4.951336091535235	12.1219806602928	11.874489524056617	12.439187243018234	12.122975363667528	11.86884888280313	12.447433731508598	14.82470324332578	14.601423817478528	15.073448981188035	11.246078983918068	10.763342053575816	11.860104815607915	11.277382340564618	10.780795157063967	11.87166726640311	0.0622
MCAR	0.15526315789473683	lin	ev	0.9918435162629802	0.9917709975555524	0.9919425627246838	0.9392356843479938	0.938035755761913	0.9400184741329562	0.9391905790399548	0.937963979839603	0.9399939609250509	0.9094477167845098	0.9072992632716318	0.9117376133750928	0.9466222137088705	0.9443595753312759	0.9473751670977094	0.946373584758619	0.9443129025790568	0.9472610957068975	0.0758
MCAR	0.15526315789473683	lin	mae	3.9300126073340365	3.914704543406162	3.9423259281023904	7.444730310863244	7.369854213525224	7.491598459692119	7.4468492021014585	7.372808900971316	7.494404950470916	8.712161155432629	8.676925675050917	8.725634431065535	7.692618038479521	7.664198644358766	7.731219745438398	7.702039422857313	7.671425117011507	7.7154435249585465	0.0758
MCAR	0.15526315789473683	lin	mse	24.349285879840714	24.310434638598384	24.438027050796695	181.60490147588507	179.5285270701517	184.2924265359606	181.73918037462832	179.60189666262843	184.40302932362616	270.6407996903501	261.0433023982308	278.14858151798893	159.50283253440818	155.68222907605394	166.94910677588013	160.2507381570314	156.01975702722697	167.0891484202873	0.0758
MCAR	0.15526315789473683	lin	rmse	4.934469082227582	4.930561290421039	4.943483291242795	13.475414953652958	13.398825585481427	13.575434672081796	13.480371127831532	13.401563217126144	13.579507698131996	16.44816014941325	16.156834541401693	16.677787068972577	12.625469946367383	12.477268494187898	12.920878715314997	12.655564237331713	12.49078688583017	12.926296779058081	0.0758
MCAR	0.18157894736842106	lin	ev	0.9918387298083002	0.991808104859045	0.9919606793189795	0.9349717991698581	0.932570606632741	0.9377113228472638	0.9349579058345736	0.9325484660691868	0.9376790466144637	0.9034036401776433	0.9015403662529955	0.9078885571420349	0.9459115062322088	0.9422615384158793	0.9491308254102322	0.9458119336877227	0.9419831542958749	0.9493078731796013	0.08879999999999999
MCAR	0.18157894736842106	lin	mae	3.9351488287813132	3.919037256837708	3.956966673842205	7.837111661560068	7.695352028282291	8.017560419539944	7.836772483063901	7.6956917619044996	8.018262262047664	9.1971903946047	9.037325698186446	9.393594672542157	7.920960846234193	7.736813038687622	7.97151213724801	7.929691204882204	7.760244529203403	7.984133825331504	0.08879999999999999
MCAR	0.18157894736842106	lin	mse	24.358464219105635	24.117556147983496	24.571873162220633	194.36586346950816	186.4339778078755	204.84103872359108	194.40736655483298	186.53058262827992	204.90829865001052	288.74493346993756	275.69576917802215	299.11225324462214	161.57554307807442	154.44583441506379	170.8100892125925	161.86929457952655	153.99591529448327	171.6338275066443	0.08879999999999999
MCAR	0.18157894736842106	lin	rmse	4.935379510233746	4.910962853451805	4.957002437181228	13.934738809021885	13.654082825582812	14.312268818171042	13.93618118666364	13.65761994742422	14.314618355024717	16.988943909452722	16.604088929478248	17.294862047574192	12.701419243432222	12.427623844285913	13.069433392943724	12.712739830408507	12.409509067424192	13.100909415252222	0.08879999999999999
MCAR	0.20789473684210524	lin	ev	0.9918807135624957	0.9919062532346252	0.9919216113477451	0.9246825895511079	0.9242401470121627	0.9272728980366907	0.9246792035427053	0.9241635651468844	0.9272887714878293	0.8843285193110878	0.881216660393413	0.8867398338290962	0.9365715680796299	0.936082860140734	0.9367584731647414	0.9362289454320992	0.9356186779928752	0.9366471965993506	0.10200000000000001
MCAR	0.20789473684210524	lin	mae	3.945008028361211	3.9398333343973078	3.952135317720323	8.510423788409403	8.395769788273295	8.54681354128817	8.510343203342893	8.395332075189515	8.548893271373265	10.047787548280551	10.030532096773294	10.121160971059604	8.46047883971642	8.393673008326779	8.495283447530918	8.481648755616256	8.399634805179582	8.529963752787253	0.10200000000000001
MCAR	0.20789473684210524	lin	mse	24.36309675535258	24.299053585959722	24.432822143058694	225.1117155819863	215.29318145230803	226.75406504506114	225.12208042166736	215.47098760211642	226.98327944524476	345.83472721598775	339.91124698471185	353.2948948777075	189.57597271268074	187.090035728315	190.81178664340385	190.60635288645193	187.41923606338077	192.6975972288968	0.10200000000000001
MCAR	0.20789473684210524	lin	rmse	4.935880882106262	4.929407021737982	4.942956821888969	15.00011196759175	14.67287229728072	15.058355323376492	15.000514914091857	14.678930056448815	15.065964272002134	18.59283791908309	18.43668210347816	18.79614042503693	13.76636765111368	13.678085967280474	13.813463962504258	13.803981064965104	13.690114537993493	13.8815560089241	0.10200000000000001
MCAR	0.23421052631578948	lin	ev	0.9918348769501723	0.9917758168157338	0.991917546895787	0.9160535374558343	0.9144585126487655	0.9165047439675535	0.9160338606135339	0.9144235946258348	0.9164320979054112	0.874182945020457	0.8719930601679545	0.8747086537149089	0.9333956071226736	0.9290633419820328	0.9367240554199517	0.9330789040012866	0.9286164141585679	0.9364813399484839	0.11340000000000001
MCAR	0.23421052631578948	lin	mae	3.9238052647184696	3.9009358135902272	3.9351015865812613	9.120022279176267	9.057569562557987	9.184173319814562	9.12206229719273	9.062889127560094	9.184386344004185	10.735376229590106	10.679494720217457	10.857165359729345	8.75362339047808	8.600462591116319	8.96579965206822	8.772256977879882	8.608592174050806	8.984669588417743	0.11340000000000001
MCAR	0.23421052631578948	lin	mse	24.210839470059092	24.06674183533581	24.33785284222206	250.91890975477918	247.4576499834838	253.17283035489646	250.97637919644913	247.26262637018272	253.33408591357946	376.15233987507884	370.5499563299937	383.324939324231	199.04709074676364	192.22344391262274	212.84545839246	199.99289318999467	192.96089763427292	214.1865881837732	0.11340000000000001
MCAR	0.23421052631578948	lin	rmse	4.920374521209823	4.90578656642702	4.933340941210333	15.8400029049882	15.730786693089568	15.911405668730103	15.84180657454869	15.724586683604207	15.916472156655175	19.39321119822379	19.249674187632206	19.578685842625674	14.101153172318089	13.864466953785954	14.589224050389383	14.134503369991274	13.891036593223449	14.635114901625242	0.11340000000000001
MCAR	0.26052631578947366	lin	ev	0.9919658378757681	0.9918909846800604	0.9920790532914678	0.9103724389459839	0.9082260523900763	0.9118887872761119	0.9103209608738384	0.9082357921184582	0.9118386557325283	0.8656020933120299	0.8648174068778655	0.8667345640431077	0.9266136496764863	0.9218138248707071	0.9283961838153456	0.9263201160328457	0.9218364284731733	0.9280255001663672	0.1266
MCAR	0.26052631578947366	lin	mae	3.9112878199599783	3.8942692530837983	3.923424917739906	9.659408996841593	9.675382243653878	9.721064675493906	9.664466153225778	9.67569713810215	9.727603018222297	11.405001806462565	11.385540678731033	11.506196123633542	9.294873466309614	9.161841824295605	9.409396850165631	9.30874628669308	9.18369063885771	9.406752353141233	0.1266
MCAR	0.26052631578947366	lin	mse	24.083823476647478	23.998476006028483	24.135063862811855	267.95280667954387	264.37771366366576	274.35645497637734	268.1066337343471	264.5281333715022	274.4182343813662	401.86052708463	395.18339733938103	404.6281685140732	219.306475438051	211.82854365878327	231.2026306776194	220.18849181840423	212.92525105701702	231.13588150931446	0.1266
MCAR	0.26052631578947366	lin	rmse	4.907520242309475	4.898823941113672	4.912745043538475	16.36637500828747	16.259695989275624	16.563708974030465	16.37108470313425	16.264320870282354	16.565573771571156	20.043614818096284	19.87922023972221	20.115371448573182	14.80339927968069	14.554330752692934	15.205348752252261	14.833748103530047	14.591958438023905	15.203153669857924	0.1266
MCAR	0.2868421052631579	lin	ev	0.9919148253934005	0.9917536907907664	0.9920288149603629	0.9013756741080627	0.9011092007104466	0.9026065457816052	0.9013662166187089	0.901060235013751	0.9026826524375939	0.8522527601594412	0.8512126943970605	0.8538707109754546	0.919858123616954	0.9121544385218857	0.92960415164008	0.9196589670881599	0.9120817105681898	0.928932750256692	0.14020000000000002
MCAR	0.2868421052631579	lin	mae	3.9280703233614185	3.898265045038815	3.952256973173091	10.30962786894294	10.14669040759825	10.388369944989659	10.31028288883857	10.145762969632855	10.393861895288202	12.214707592964576	12.164496494360725	12.270751477935148	9.854245006488807	9.350199202458219	10.353388581177477	9.868137383895508	9.362064909454023	10.360730549896772	0.14020000000000002
MCAR	0.2868421052631579	lin	mse	24.197663736970863	23.921512135043287	24.45679325204119	294.7787043050471	291.1921047806151	300.4163768217176	294.80727323832355	291.20377704968763	300.5651277398571	441.6530264945233	437.37767563486346	446.44086487440455	239.5046069505826	208.89950801120392	263.5806270407671	240.09632817827224	210.24134457548732	263.79886016073584	0.14020000000000002
MCAR	0.2868421052631579	lin	rmse	4.9190470642076125	4.890962291312752	4.945381001706663	17.166277672351896	17.064351871097102	17.332523671459896	17.167125420437923	17.064693875065196	17.336814232720414	21.01355236991067	20.91357634731237	21.12914728223561	15.445589677273073	14.453356288807244	16.23516636935905	15.465927401499926	14.499701534013978	16.2418859791816	0.14020000000000002
MCAR	0.3131578947368421	lin	ev	0.9919271266270343	0.9918737676829756	0.9919868776824947	0.8925262761695919	0.8894336705911602	0.8945855198441006	0.8925193069323492	0.8894147094126117	0.8946522718502349	0.837697448760794	0.8353222501377192	0.8400211526765984	0.9112211027647419	0.9076068272855007	0.9111991474376915	0.9109445144721805	0.9074986536818873	0.9108783045227964	0.15460000000000002
MCAR	0.3131578947368421	lin	mae	3.927971694486275	3.9151667373927914	3.9461755919134105	10.912261117198048	10.758404488813492	11.054099598050302	10.913351249988962	10.753407453159095	11.055872369274008	13.046108359225048	13.057239546132687	13.11418512860405	10.343052327404212	10.228127455179743	10.704983380598106	10.358299147023198	10.255329004864969	10.728317571874676	0.15460000000000002
MCAR	0.3131578947368421	lin	mse	24.255461838570675	24.03045908783514	24.579466098455406	321.3022850116841	311.8520352935804	326.95327762765265	321.3237290215702	311.6545600611254	327.0093473145752	485.500527477619	480.0419621958769	487.02511496915065	265.4507144768609	262.5910614615688	277.2257355818815	266.2749423775249	263.652695859869	277.5503619019856	0.15460000000000002
MCAR	0.3131578947368421	lin	rmse	4.924900714109382	4.902087217485541	4.957768257840962	17.922476144134347	17.659332809978423	18.081849397328046	17.923050928328305	17.653740681825067	18.083399772016744	22.02699589425824	21.909859930996294	22.068645517320512	16.283465281097357	16.20466172005972	16.650097164337556	16.308891300945543	16.237385745860355	16.659842793435523	0.15460000000000002
MCAR	0.3394736842105263	lin	ev	0.9919022788132305	0.9917901394530888	0.9920599295589979	0.8826320723578467	0.8806461518214691	0.8831244216540066	0.8826186018558484	0.8806633281471941	0.8831008956164247	0.8268421991614542	0.8240289611022651	0.8292944603335846	0.9074348054766125	0.9067997370793113	0.9103791788408702	0.9071105285307839	0.9063441010263069	0.9101413015713091	0.16760000000000003
MCAR	0.3394736842105263	lin	mae	3.939244667094209	3.9370785911962813	3.963251859673305	11.64429422330793	11.614937149810835	11.673029789904884	11.645712787105467	11.61521510186146	11.67629578047692	13.76648383262517	13.6695070787379	13.808505318323167	10.571172719918993	10.294332643342674	10.604248722136502	10.597433905940386	10.317226820415204	10.63012551127771	0.16760000000000003
MCAR	0.3394736842105263	lin	mse	24.31443757294236	24.32974447458809	24.46892557491981	350.897371204154	345.7578781340941	358.2370966303459	350.93820248717253	345.8274761882842	358.4205262930099	517.6484331168887	518.5832088578163	522.357392807073	276.68494898228056	265.444335611492	275.71820909925526	277.65612419644515	266.2977813941853	277.06659353932	0.16760000000000003
MCAR	0.3394736842105263	lin	rmse	4.930899929948392	4.932519080002437	4.946607481387604	18.730576298025845	18.59456582268309	18.92715236453561	18.731659432679727	18.596437190717047	18.93199741952787	22.750672765001873	22.772422112235148	22.85513930841536	16.624595438236664	16.29246253982166	16.60476465052291	16.654203727874602	16.31863295114469	16.645317465861684	0.16760000000000003
MCAR	0.3657894736842105	lin	ev	0.9920380141632095	0.9920455109670866	0.9920714426612334	0.8762917251694937	0.873121708674139	0.8792876814237357	0.8762608145999644	0.8731645561687771	0.8792678712064782	0.8122852705554632	0.8102808890685571	0.8162380610746414	0.8973719015779761	0.8929576507176691	0.9053203704571405	0.8970754327590548	0.8929137301725316	0.904866070587211	0.18
MCAR	0.3657894736842105	lin	mae	3.9060379699376613	3.8925098562211065	3.911914669208883	12.126827788609479	11.958539782525424	12.254470768406385	12.12947684513278	11.96176034721604	12.25765811709597	14.502600675794927	14.373073806156526	14.580529982248393	11.273833401508352	10.675697733787707	11.65973250029873	11.297712054642844	10.708898495043782	11.676456997205499	0.18
MCAR	0.3657894736842105	lin	mse	23.93957114927699	23.759618120112496	24.067389911804423	369.82079968740334	357.10826612569844	381.223698371447	369.9124822594829	357.1668715142772	381.3743322645605	561.166242692763	543.8081247911126	576.340150975838	306.71920371986397	280.0946808267359	321.1805931798027	307.6064799194777	281.4388724862257	321.312387752629	0.18
MCAR	0.3657894736842105	lin	rmse	4.89275824560485	4.874383870820239	4.905852618231047	19.228095314609828	18.8973084360101	19.524950662458714	19.230514526790827	18.898859000327963	19.528807753279782	23.685017640247565	23.319693925759672	24.007085432760014	17.49370648314865	16.73602942237901	17.921512022700615	17.519662707952826	16.776139975758003	17.925188639248095	0.18
MCAR	0.3921052631578947	lin	ev	0.991960465823291	0.9919359827989256	0.991937422720163	0.8707494319524853	0.8689657795662462	0.8745911563782149	0.8707013420516676	0.8687164028366624	0.874561601639968	0.7991668585427666	0.7941656173344909	0.8051663967000823	0.8971655024535519	0.8948190420339395	0.9007411633044012	0.8967961722442471	0.8946530928465831	0.8998977463934557	0.19119999999999998
MCAR	0.3921052631578947	lin	mae	3.910831307413646	3.9102894598156324	3.9204693215885476	12.664231413153768	12.571130307222765	12.663725019382403	12.66563550430621	12.584919722876453	12.661638103533361	15.182611318419855	15.10292133768919	15.194698500406103	11.488410482262477	10.999198722562806	11.844479778062707	11.510045239183535	11.018152158601904	11.867050626327599	0.19119999999999998
MCAR	0.3921052631578947	lin	mse	24.01493548012117	23.919044516497962	24.156771380451467	386.31435526109783	379.15145717916636	387.64397713616086	386.4560549944171	378.8958227751884	388.38171867376144	600.3490471597559	591.8956976021439	608.8100932536698	307.21735854690945	297.0880199039496	313.94971143150013	308.3237236203276	299.61614476198974	314.9576854605662	0.19119999999999998
MCAR	0.3921052631578947	lin	rmse	4.900478572421858	4.890710021714431	4.914953853338957	19.65334091735314	19.47181186174431	19.688676368312848	19.656904516125614	19.465246537744864	19.707402636414606	24.49647673812121	24.328906625702352	24.67407735364526	17.51899966460288	17.23624146686132	17.718626115799726	17.550731429893137	17.309423582603486	17.74704723216136	0.19119999999999998
MCAR	0.4184210526315789	lin	ev	0.9919930841892344	0.9920077538478126	0.9921106005957185	0.8586860903371584	0.8581147370982392	0.8600817119212807	0.8586505050350342	0.8580130599449772	0.8600755293403471	0.7903985993251597	0.7879824856112239	0.7928065058266258	0.8853180862846317	0.8825794332046303	0.8862836007445367	0.8849333384573654	0.882041562752898	0.8862912705585362	0.20379999999999998
MCAR	0.4184210526315789	lin	mae	3.896683942615566	3.88764445725087	3.9175902957204354	13.368629958021097	13.362624388531922	13.447263768452647	13.3711946513578	13.361427743234385	13.455194217159354	15.816750177192556	15.751378194305914	15.824052331739788	12.041760749918243	11.900366331508668	12.105051180396787	12.063651108101956	11.908085788651602	12.13009457522087	0.20379999999999998
MCAR	0.4184210526315789	lin	mse	23.904578197865032	23.857975160717643	23.98947045693014	422.43532262547615	419.8248549580695	426.4360955765162	422.5409857206044	419.8434057935561	426.70259110918215	626.5939522432267	619.2974541929074	633.3703004392934	342.80864553946986	338.7573750671101	347.37014010131287	343.95622022560144	339.09278567957966	348.961444204413	0.20379999999999998
MCAR	0.4184210526315789	lin	rmse	4.889186314545808	4.884462627630356	4.897904700678662	20.552633410693456	20.48962798486272	20.650329188090833	20.55519726429557	20.4900806683028	20.656780753766597	25.03094621318262	24.885687737993244	25.16684923543854	18.51145142465932	18.405362671436553	18.637868443073444	18.542870242703543	18.414472180314583	18.680509741557188	0.20379999999999998
MCAR	0.44473684210526315	lin	ev	0.9918387759528386	0.991713970752853	0.9920705155383857	0.8545938377003897	0.8529783136230145	0.8553978219615715	0.8545906345379877	0.8529250240492601	0.8553504418307607	0.7777925272994104	0.7776002610140723	0.7789031504516519	0.8851482362578669	0.8785783049381508	0.8904230850781272	0.8848062892104217	0.8785344472215806	0.8901410753140877	0.217
MCAR	0.44473684210526315	lin	mae	3.924119785383911	3.8912715843242704	3.9431912889716427	13.886213542386482	13.898541451462428	13.991485105939127	13.885723860776983	13.902224723664624	13.98874471342556	16.500934159687624	16.33269842380281	16.48603886953792	12.144191537862602	11.912484497162765	12.517268062536765	12.165736228812921	11.931652912925674	12.530923234793566	0.217
MCAR	0.44473684210526315	lin	mse	24.265980425434513	24.076880713195948	24.474764695946323	434.7175767534801	433.87886783927433	445.8974462389599	434.72704824393503	434.0210319324653	445.9009359657769	664.2815876762943	656.7005287964155	671.8853347531708	343.1381132232157	327.9706851809823	359.05344228966527	344.16391614611695	328.8153306684554	359.1831413496053	0.217
MCAR	0.44473684210526315	lin	rmse	4.925962673097514	4.906819816662922	4.947197660893116	20.847569203691513	20.829759188220933	21.116283911686732	20.84779948211907	20.833171432416748	21.11636654270277	25.77314317674574	25.62616882790745	25.920751045314464	18.51774053326203	18.10996093814071	18.94870555709981	18.54557221932366	18.13326585776692	18.952127620655293	0.217
MCAR	0.47105263157894733	lin	ev	0.99176817854358	0.99169162557709	0.9918961389318814	0.8444796434806635	0.8397388600562987	0.847538601417286	0.8444804897368016	0.8396858926180566	0.8474659267901911	0.7646310712062202	0.7569366801496634	0.770558079512492	0.8802492887841769	0.8685040449425141	0.8889985820453865	0.8798169889798823	0.8682532597170685	0.8882682264764907	0.23020000000000002
MCAR	0.47105263157894733	lin	mae	3.9615995848121592	3.916116510051534	4.016610343129229	14.55713034155771	14.45032023275274	14.682479145324976	14.557088688540663	14.446697809992386	14.67905426280802	17.270771506207158	17.133645524095826	17.36357275405978	12.464712304389115	11.968294648096727	13.081614189727741	12.4922826545888	12.006542463282491	13.102331778793943	0.23020000000000002
MCAR	0.47105263157894733	lin	mse	24.504475752934628	24.172279776384507	24.99690064693149	464.83590090191694	452.0603924286237	474.5189317122589	464.8312670086263	451.6783269394608	474.67508461378594	703.5324887182821	690.8665824588707	727.5214260404892	357.77956432293314	333.0597796245007	392.0484956582399	359.0799340751452	335.25474854793487	392.4363120281929	0.23020000000000002
MCAR	0.47105263157894733	lin	rmse	4.949837222531398	4.916531274830305	4.999690055086564	21.55835982673914	21.261711888477457	21.783455458495535	21.55822518062994	21.252725165010272	21.787039372383433	26.52139058178951	26.284341012452085	26.97260510296492	18.899283459192407	18.249925469012215	19.80021453566198	18.934460037358228	18.30996309520953	19.810005351543772	0.23020000000000002
MCAR	0.4973684210526315	lin	ev	0.991911758824324	0.9918151544048656	0.9920736183512884	0.8404192747296791	0.8390107560978163	0.8423765528852403	0.8404025436162759	0.8389966557196458	0.8424166273475335	0.7549846778443212	0.7523635009314971	0.7574510194838979	0.8745405350583629	0.8621810012247153	0.884522828856611	0.8740017510303403	0.8620704343796022	0.8835960634880017	0.24299999999999997
MCAR	0.4973684210526315	lin	mae	3.9212780555461166	3.903232514830594	3.9410884139363045	14.920092102614063	14.862413224130156	14.950912303948323	14.919988921285036	14.863786974673028	14.946685588264275	17.818775394756695	17.770087515155538	17.891776245455045	12.797039579937765	12.2539997432346	13.54780277287826	12.825418184691562	12.29332186991673	13.553300861644122	0.24299999999999997
MCAR	0.4973684210526315	lin	mse	24.230464965820367	24.222824690873434	24.26924677385301	477.0361533577976	469.4240258704554	478.8379224817125	477.08573644755523	469.50071110887717	478.71618188651354	732.4474091462052	724.3267020414271	733.1159769765663	374.96945090434326	350.8034479420273	407.54155093927	376.587941566103	353.6202337052737	407.86865508633605	0.24299999999999997
MCAR	0.4973684210526315	lin	rmse	4.922399703657945	4.921668892852651	4.926382727098353	21.838574890567894	21.66619546368156	21.882365559548457	21.83967331522665	21.667965089248163	21.879583677175248	27.06277296030465	26.91331830230949	27.076114510331173	19.345571655976634	18.72974767427547	20.187658381775485	19.3882705349562	18.804792838669446	20.195758343927967	0.24299999999999997
MCAR	0.5236842105263158	lin	ev	0.9921050067821211	0.9919360124807691	0.9922090142975087	0.8294366952304827	0.828566940728311	0.8315353105967692	0.8294424065736348	0.8286302590851776	0.8315824545830839	0.7396253335543698	0.7359550710255544	0.7425836129742576	0.8598007991201871	0.8569300821810812	0.8590652493401532	0.8594487957044699	0.8568742182787287	0.8589445490714388	0.25599999999999995
MCAR	0.5236842105263158	lin	mae	3.8828439194190927	3.8641565528139266	3.8965615674125647	15.590794735403147	15.514967206488276	15.566831266432883	15.590884009661533	15.522022669196716	15.56638948689499	18.53709477212194	18.444809323949706	18.606086978799492	13.716491624048098	13.700201262784969	13.972853034160424	13.740107706838478	13.71532370529432	13.978894293058824	0.25599999999999995
MCAR	0.5236842105263158	lin	mse	23.619164101943305	23.483819117993043	23.558801044490817	509.84596548735817	504.225544694087	506.94095501132824	509.8299143520412	504.08443974050437	506.7537176812822	778.4188781575216	773.2598113975447	791.694988760454	418.94837538886156	416.9331269467617	423.28917025397595	420.0147649847689	417.29023746797776	423.25410024250107	0.25599999999999995
MCAR	0.5236842105263158	lin	rmse	4.859898318948784	4.846010639484095	4.853740932980542	22.578486886160633	22.45496703836563	22.515349320215492	22.578145017130733	22.451824864373595	22.51119094320161	27.899336322747708	27.807549539604253	28.137074985869692	20.45812803373624	20.418940397257682	20.573992569600485	20.485394332048266	20.427683115516984	20.573140262062598	0.25599999999999995
MCAR	0.55	lin	ev	0.9920239052945101	0.9918294912171582	0.9921326990176913	0.8259096663463484	0.8242252078658027	0.8285607822667985	0.8258546352534951	0.8242148400283087	0.8284776878337357	0.7335535881134853	0.7305115747291456	0.7359248288485023	0.8640133403152694	0.8546340950035594	0.8736904984059572	0.8633216507365014	0.8539821438713805	0.8733213306532457	0.2702
MCAR	0.55	lin	mae	3.9150242420860097	3.875964353990868	3.9574594418847564	15.998036604842735	15.813698607065593	16.209727303822184	16.002148532400053	15.821908935197047	16.21572862593853	19.03099612702436	18.999215975760606	19.212523418923933	13.620795640751094	12.999678171253148	14.076351181680778	13.661224102107152	13.063809843018015	14.104841435259615	0.2702
MCAR	0.55	lin	mse	24.06604880523642	23.83328911150455	24.25237750703864	520.4220348014228	514.4034115002373	532.9848313122377	520.5861582763905	514.6527363653961	533.200702751632	796.6463554646332	781.2521440993002	806.0103523079871	406.5191199280189	378.05238276878583	441.60122889262544	408.5854861966362	379.15757340510066	443.5822944105199	0.2702
MCAR	0.55	lin	rmse	4.905618853360325	4.881934976165143	4.92467029424698	22.811186135665572	22.68046321176526	23.086464244492653	22.814787330036644	22.6859590135704	23.091139052710933	28.2231982203881	27.950888073535342	28.390321454819546	20.13954336810817	19.443569188006244	21.014310097945767	20.191930677346075	19.471968914444698	21.0613934584234	0.2702
MNAR	0.05	lin	ev	0.9918803190159251	0.9918015574598594	0.9919831917966957	0.9765193075077068	0.975436939042066	0.9778436394751514	0.976565129656087	0.9754923961738289	0.9778901966667536	0.9659562647527687	0.9652507525480469	0.9669421094196914	0.9759877783074277	0.9747586316147925	0.9771176524703089	0.9759353393591818	0.9746273883413327	0.9773024479257164	0.024399999999999998
MNAR	0.05	lin	mae	3.928819703776284	3.922133479572189	3.933033759716826	4.992822142651801	4.97229368447112	5.005324228321354	4.98936713203191	4.969923664274889	5.001842713574184	5.4565405083089695	5.411038403907399	5.516539155761369	5.4125884410441865	5.34113881273083	5.522661610954754	5.414868815262562	5.332682977833036	5.517141462613171	0.024399999999999998
MNAR	0.05	lin	mse	24.24986862934903	24.10767571802369	24.370098883280942	70.16768986134542	66.62315844142952	73.70146994786795	70.03075504758856	66.5106852181587	73.53507081149758	101.78622553474862	98.27026483317977	102.75624588427956	71.75288874458549	69.51336208657143	75.73673153648785	71.90606088373092	68.95203781720815	75.53380819899796	0.024399999999999998
MNAR	0.05	lin	rmse	4.924390815316242	4.909956793906	4.936608034195235	8.374190933522076	8.16230105064923	8.58495602480688	8.366057100429774	8.155408341595086	8.575259227072822	10.087298262049458	9.913135973705787	10.136875548426131	8.465419778703316	8.337467366447166	8.702685306070066	8.474719294349748	8.303736376909383	8.691018823992843	0.024399999999999998
MNAR	0.07631578947368421	lin	ev	0.9918918276746724	0.9917674968590262	0.9919824276336379	0.9687162568855072	0.9669073791593046	0.97010487982878	0.9688056457013527	0.9670159427228489	0.9701817531911889	0.9535505002290089	0.9515620681804468	0.9561675699670743	0.9686036985763193	0.9671600292859673	0.9684002755774873	0.968411950570507	0.9670496697494942	0.9682066169548674	0.0374
MNAR	0.07631578947368421	lin	mae	3.922331181007414	3.908218534475163	3.9192606712033293	5.551518020414258	5.516640230518909	5.637168458035363	5.545900537044399	5.51206712936435	5.628920181478021	6.228452621019615	6.210797488065994	6.2542978549097485	6.08188770722141	6.112755191474663	6.17599522385519	6.091563402596421	6.131532104089158	6.18040470535693	0.0374
MNAR	0.07631578947368421	lin	mse	24.201534240103605	24.08405785129498	24.214463099996866	93.49399696363093	90.2296676790435	99.29441630111262	93.22686120137482	90.20476304026367	98.96867130419646	138.8614059631123	130.04710877321668	145.36197995341573	93.8429189829623	93.83668009694202	98.53633953904087	94.41636796492837	94.52903229154747	98.86748467965053	0.0374
MNAR	0.07631578947368421	lin	rmse	4.9194571797869315	4.907551105316681	4.920819352505928	9.664550485283682	9.498929817565951	9.964658363492077	9.650883004105056	9.49761880895752	9.948299920297762	11.778369492840595	11.403819920237984	12.056615609424385	9.682019849811564	9.686933472309079	9.926547211343976	9.711976602802832	9.722604192887184	9.94321299579017	0.0374
MNAR	0.10263157894736842	lin	ev	0.9918447094631881	0.9918210581720702	0.99189853687305	0.9578019109173969	0.9573643421938752	0.9588936982330134	0.9579322234325719	0.9575444246256841	0.9590291654385654	0.9368806937476704	0.9366391306437029	0.9380384280966267	0.9613407626705517	0.9598605892053307	0.9623173410457144	0.9611793738469163	0.9597038561884376	0.9622643861593406	0.0508
MNAR	0.10263157894736842	lin	mae	3.929629324061429	3.9128061025006433	3.947931968074465	6.216362938704256	6.16612149134605	6.238184658377033	6.209793911634857	6.165175258005521	6.229848530923268	7.09731078077651	7.037655748032757	7.191925664913729	6.630310165854626	6.567067613268754	6.7431564770516195	6.642617441983461	6.577280513565803	6.747294205905944	0.0508
MNAR	0.10263157894736842	lin	mse	24.309338076549547	24.11403725480621	24.542395715054262	126.1135454635058	123.20231440470468	127.61123922667957	125.72364100077887	122.81938249227755	127.07224103904552	188.72238213292525	184.0279430221636	192.48145550564226	115.57409604971755	112.78659821268027	118.6953749077853	116.05301100981933	112.94509556299153	119.15886256568997	0.0508
MNAR	0.10263157894736842	lin	rmse	4.930394919801645	4.910604571211798	4.954028231152328	11.2284560159334	11.09965379661477	11.296514472468026	11.211180267304321	11.082390648785015	11.272632391728452	13.735677919753536	13.565689920610879	13.873768612227979	10.747952583570125	10.620103493501382	10.894740699428569	10.770454931923103	10.627563011480644	10.91599113986861	0.0508
MNAR	0.12894736842105264	lin	ev	0.9918357583850745	0.9917677121071163	0.9919425870020422	0.950111188497344	0.9478612332691135	0.9513054164454953	0.9502585171518605	0.9479753737250529	0.9513294252061643	0.9276126758614129	0.9246917720901424	0.9287353395524519	0.9533695432287086	0.9506995330226231	0.954929842612783	0.9531684087886294	0.9504630571685913	0.9548414578230181	0.0636
MNAR	0.12894736842105264	lin	mae	3.945272716137739	3.9265765273085855	3.9685218654344596	6.797113769385457	6.761166258904569	6.894278331323267	6.788965094095377	6.7607719955386685	6.883392864387182	7.804086019630501	7.777660206581326	7.984104074762664	7.160162688408684	7.047224529083171	7.357207807721716	7.166807688089266	7.066512664788715	7.366183744343935	0.0636
MNAR	0.12894736842105264	lin	mse	24.42395382932363	24.258502103381602	24.622771757714606	149.18613856668114	143.99368940781764	156.44238134311652	148.7448003202307	143.92269362605953	156.0999028793101	216.50825109391445	210.74025319985765	228.77847212971702	139.38558480179617	136.77559599561368	147.92606229214084	139.98640737837013	137.18572426764686	148.63570989912654	0.0636
MNAR	0.12894736842105264	lin	rmse	4.941991497031786	4.9252920830527	4.962133790791478	12.207923757957527	11.99973705577825	12.50769288650455	12.189839421104386	11.996778468658139	12.493994672614123	14.705118631682272	14.516895439447708	15.125424692540603	11.79781383253803	11.695109918064631	12.162485859894796	11.823483288868609	11.712630971205694	12.191624579978114	0.0636
MNAR	0.15526315789473683	lin	ev	0.9919044745375597	0.9917721523023412	0.9920131659406464	0.9414693680479035	0.9404594906670887	0.942588539626727	0.9416874160534505	0.9408262245702825	0.9425537127519833	0.9124105935395711	0.9109137380552917	0.9132368529124967	0.9472294772610057	0.9459364752053468	0.9473983928446618	0.9469843180118351	0.9457280657892867	0.9470573440629939	0.0758
MNAR	0.15526315789473683	lin	mae	3.9272853397215046	3.909926504538289	3.9321444569076522	7.384055995360131	7.316876125442753	7.431412588223155	7.372282421278989	7.31958429345123	7.414620447228437	8.63146910232786	8.557206444125388	8.697009162392346	7.58191844646438	7.531041310770303	7.642804637308469	7.585970740512624	7.533035102365849	7.639957582006804	0.0758
MNAR	0.15526315789473683	lin	mse	24.21251884056743	23.99957744191624	24.43226644331609	174.9824450210586	170.35360118533097	177.09810088995488	174.3299227396323	169.8731612390585	176.22948297236306	261.85461593372736	260.1576789454396	267.3908956201305	157.74421866841658	155.6135193841068	160.18517911975493	158.47666264121105	156.62247246518916	160.88234662427342	0.0758
MNAR	0.15526315789473683	lin	rmse	4.920564268291342	4.898936358222695	4.942900610301212	13.22704090068664	13.051957752970662	13.307821042152426	13.20242181177835	13.033539858344643	13.275145308898244	16.179612854504153	16.129404172052965	16.352091475408596	12.558420899587441	12.474514795538415	12.656428371375352	12.587597823516896	12.514890030087725	12.68394050065962	0.0758
MNAR	0.18157894736842106	lin	ev	0.9918630852430758	0.9917991137358768	0.9919582052566891	0.9360178651885335	0.9349657505041011	0.9366562258883973	0.9362089898133312	0.935145275863694	0.9368905691248974	0.9043986237853888	0.9032735613945782	0.9049805106953628	0.9431997096261387	0.9388216133375547	0.9460863215967451	0.9428474510291712	0.9386413658081398	0.9454465772057457	0.08759999999999998
MNAR	0.18157894736842106	lin	mae	3.934751960926401	3.921313028273314	3.931340884135112	7.802890666512309	7.731487093908509	7.8876652162059155	7.792120334595296	7.7204918365646575	7.8762673322928	9.163864117219159	9.08758719072911	9.23934286379812	7.976862657538684	7.780076052535845	8.250765800291035	7.995837854659557	7.792125278424624	8.264120122314116	0.08759999999999998
MNAR	0.18157894736842106	lin	mse	24.34076549850197	24.208032982511178	24.362020670774918	191.2698302667211	192.42950051503195	193.76539544990146	190.69776115560177	191.71759863388772	193.1469306109314	285.799056961993	283.6313382356352	286.04970271663615	169.75751852393404	160.83027335218674	180.9092708983353	170.81217930512818	162.73111270599588	181.4422914831026	0.08759999999999998
MNAR	0.18157894736842106	lin	rmse	4.933548305027356	4.92016595070849	4.935789771736122	13.828957722368619	13.87189606777069	13.919963916975556	13.80820691616781	13.846212429176713	13.897731131768646	16.90465620721891	16.84135796887042	16.91300395307221	13.023107883825492	12.681887609980887	13.45025170390262	13.064012959795809	12.756610549279769	13.470051651092604	0.08759999999999998
MNAR	0.20789473684210524	lin	ev	0.9918844918555523	0.991793867292502	0.9920106665329124	0.9258110390695634	0.9231012148036836	0.9278060633385135	0.9259738676269634	0.9233589701927463	0.928016527165036	0.8867466391314206	0.8828459332920813	0.8921294532771906	0.9322156907315534	0.9271923020753663	0.9342449636208537	0.9320984118577169	0.92722949554963	0.9341046131378727	0.1022
MNAR	0.20789473684210524	lin	mae	3.929374306499826	3.918697345292141	3.930673436262992	8.498180379217885	8.375596801319016	8.60434215739005	8.489081534579611	8.36582140894639	8.591440668050836	10.1548055991805	9.965650763495	10.451625161363243	8.759070742740217	8.52480259973921	9.115837430204726	8.77172824796371	8.543925222993849	9.11852620445159	0.1022
MNAR	0.20789473684210524	lin	mse	24.28071876688558	24.059835283415406	24.273842473972127	221.70137069194953	216.08105037143994	227.49287042547786	221.2141152742055	215.4511187344739	226.73034195151274	338.5606601188623	324.23420636050645	350.66816878146295	202.4345059086233	196.8090117407041	218.4595140546838	202.79250694316912	197.22939393736027	218.34802291562275	0.1022
MNAR	0.20789473684210524	lin	rmse	4.927470763707191	4.905082597002359	4.9268491426034275	14.8853968060943	14.699695587713371	15.082866784052621	14.869008218714104	14.678253258970358	15.057567597441253	18.39471446553024	18.006504556979028	18.726135981068357	14.206935071472524	14.028863522777035	14.780375978123283	14.22121890395604	14.04383829077223	14.77660390332037	0.1022
MNAR	0.23421052631578948	lin	ev	0.9919103610023126	0.9918919421651397	0.9919329191951056	0.9172544175154599	0.9150409217205534	0.9215291592523827	0.9174572158739576	0.9153664151332843	0.9216738729651741	0.8760190507342418	0.8722507330121744	0.8792322977772615	0.9260402597958581	0.9178076302950117	0.9304204271695884	0.9257619273866091	0.9177914855391631	0.9297715109604949	0.1136
MNAR	0.23421052631578948	lin	mae	3.909687733762378	3.887620889075537	3.9474747564342407	9.122876869784488	9.088896083069844	9.139132331346682	9.112077039702035	9.080697944606875	9.127497310541054	10.729894762275396	10.58227116942417	10.833997617827086	9.164558096213918	8.700531415847031	9.70525636170137	9.180030157513587	8.73859646023679	9.704767103593248	0.1136
MNAR	0.23421052631578948	lin	mse	24.057305998033428	23.89798154102129	24.339733029157784	247.35753874038124	238.38340708045524	254.28793223026588	246.74983286869684	237.94378711999852	253.3137097156844	370.6557229789474	357.5925860939448	382.3698268134409	220.97237386627666	208.2560929193945	243.0492611512995	221.8062778328338	209.80387134729924	243.09700297064745	0.1136
MNAR	0.23421052631578948	lin	rmse	4.904686435797922	4.8885561816369965	4.93353149672299	15.722746331259165	15.43966991488015	15.946408129427326	15.703563843954461	15.425426643046166	15.91583204597499	19.249440746631297	18.910118616601665	19.55427898986411	14.844474902227825	14.431080795262512	15.590037240215288	14.872790319858058	14.484608084007633	15.591568329409567	0.1136
MNAR	0.26052631578947366	lin	ev	0.9919715709480116	0.9918730006255122	0.9920897660228635	0.9087610053917132	0.9051413916710849	0.9112260286151546	0.9089999747500211	0.9055653465025291	0.9115343740107288	0.8614411177948	0.8578736701942951	0.8634096157706296	0.9168050455669601	0.9136418610927535	0.9202791921607854	0.9164766391361147	0.913542425148574	0.919803658622227	0.128
MNAR	0.26052631578947366	lin	mae	3.9125926921490324	3.912626434415728	3.9167131938686084	9.737494763953663	9.564086107900422	9.933914060569029	9.722070240172354	9.5467293111417	9.913740775239276	11.562411965724717	11.350067521439458	11.71466603913679	9.684653613877137	9.443011220146007	9.857184659379765	9.699761000778807	9.45970233650939	9.86540988403243	0.128
MNAR	0.26052631578947366	lin	mse	24.041064081772394	23.89688733379167	24.142898590348953	272.82412149734233	262.8723063572541	284.6232756993553	272.10665011685296	263.08292476968415	283.35119913192517	414.3289929904243	403.9165875934222	426.8113065994016	248.72300184793457	238.6094551836081	255.36776626764805	249.70788868255664	240.03283308929988	255.66180641626224	0.128
MNAR	0.26052631578947366	lin	rmse	4.903078105250768	4.888444265182091	4.913542366801059	16.51363525436856	16.213337298571634	16.870781715716532	16.492078166021003	16.2198312189025	16.83303891553528	20.35117332425925	20.09767617396156	20.659412058415448	15.764483420933885	15.446988547403281	15.980230482306819	15.796057847346422	15.492993031990297	15.989427957755781	0.128
MNAR	0.2868421052631579	lin	ev	0.9918827953385531	0.9917741898736234	0.991961730308109	0.9014045735426077	0.9009529706911512	0.9048362453116792	0.9016348256296449	0.9012814457971905	0.9049454629209467	0.8519608228020257	0.8472771875847882	0.854729276783469	0.9160254074220937	0.9107789315635545	0.9205147019658633	0.9156958487901784	0.9106429853855529	0.9200636652330754	0.1398
MNAR	0.2868421052631579	lin	mae	3.9347226249368012	3.9155855056785014	3.9541478318266856	10.319377568429363	10.191069037384844	10.379800368887377	10.306078217486375	10.184243075611494	10.357718450178368	12.304634456291373	12.241333025009991	12.370081186855517	9.858085292267708	9.51834501952335	10.256942799534142	9.877281934240525	9.54208691741928	10.270581895908688	0.1398
MNAR	0.2868421052631579	lin	mse	24.315101314936022	24.218456223330964	24.520194172131532	294.6608136263993	288.9141566248955	297.19063379492223	293.97191865349856	287.7815139843974	296.2050441651187	442.4805827291002	429.7872520614393	451.6154652407651	250.9519059207696	235.14465879074135	267.7078359796751	251.9384746648408	236.47991187935526	268.1157520951575	0.1398
MNAR	0.2868421052631579	lin	rmse	4.930952346883682	4.921225073427445	4.951786967563481	17.163096309088253	16.997475007332575	17.23921789974598	17.142738505315805	16.964124321178428	17.210608477480356	21.031939799507942	20.7313109103462	21.251246204417402	15.828801730830701	15.334427240387603	16.36177973142516	15.860371192960557	15.377903364222162	16.374240504376303	0.1398
MNAR	0.3131578947368421	lin	ev	0.9918898676663934	0.9917345059444098	0.9920750401811972	0.8936476303282689	0.8916667625846495	0.8934346925075153	0.8939356678579626	0.8922933625603795	0.8935817308363709	0.838019575431612	0.8352115463602926	0.8388087896849065	0.9075623850557972	0.9033223866635087	0.9062974669973495	0.9074645397714454	0.9031179011290242	0.9062790380745366	0.1532
MNAR	0.3131578947368421	lin	mae	3.9418852756910168	3.906270643724882	3.979653125187176	10.856722038158022	10.899250945538784	11.006739741835995	10.839455705119075	10.871570527694816	10.995493622244277	13.103210420924128	13.112050031007447	13.21917863972795	10.335386166394915	10.387484815782136	10.505396782979698	10.342893176420583	10.388566898093867	10.514828743570286	0.1532
MNAR	0.3131578947368421	lin	mse	24.349381146471593	24.15483303415236	24.6491690838727	317.9557172522113	320.4867161319394	323.73045623837316	317.095101206544	318.6330193963741	323.28377442038726	484.4178073433137	476.9200510235517	500.6111035699506	276.19089948501215	277.085713625766	286.0053992745829	276.48396049231076	277.3018530330492	286.61059459154444	0.1532
MNAR	0.3131578947368421	lin	rmse	4.934282251015503	4.914756660726181	4.964792954783985	17.82909850395597	17.902142780458973	17.992511115416136	17.805172543874146	17.850294658530824	17.9800938379194	22.0044492599798	21.83849928505967	22.374340293513697	16.610865133081617	16.64589179424659	16.91169415743387	16.61982647632525	16.65238280346237	16.9295775077686	0.1532
MNAR	0.3394736842105263	lin	ev	0.9918443302339949	0.9917710277877297	0.9919206599211097	0.8854551111047237	0.8851268144613551	0.8869862266629608	0.8859115671406895	0.8853410993784335	0.887134533298648	0.8277652390600329	0.8254453594625907	0.829175580266745	0.8993110642531026	0.8921477477837951	0.9055729923211947	0.8988400918540427	0.8915464756523548	0.9051090119724402	0.16540000000000002
MNAR	0.3394736842105263	lin	mae	3.9272754675728265	3.91625314951601	3.938197982698313	11.54449755849568	11.420891241285224	11.62199280837177	11.519537961285645	11.41388484720808	11.609250130243057	13.77067585607461	13.686204855919224	13.880871205276597	10.953915403119575	10.525564330286091	11.240178621019163	10.988981320782532	10.562608745569888	11.273798053461787	0.16540000000000002
MNAR	0.3394736842105263	lin	mse	24.231126252488174	23.93728067463131	24.500182223336765	342.4661558486219	334.19056060894627	348.9686243959216	341.1030014414876	333.7520062959733	348.3176568755992	514.8596390635039	516.0447260453218	518.942337248654	300.9862218394252	282.62604792340085	323.6107071156771	302.394162478152	284.0147748354403	324.6381429955648	0.16540000000000002
MNAR	0.3394736842105263	lin	rmse	4.92240798947454	4.8925740336382555	4.949765875608337	18.50307528195894	18.280879645382118	18.68070192460448	18.466155452785493	18.268880816732405	18.663270262084275	22.687935440880047	22.716617839047295	22.78030590770576	17.33851881956334	16.81148559537202	17.989183058595994	17.379590411284944	16.852737903244098	18.017717474629375	0.16540000000000002
MNAR	0.3657894736842105	lin	ev	0.9919711829671716	0.9918894003254427	0.9921430914630927	0.879016176798299	0.8769519673426951	0.8818289983009041	0.8793401739937645	0.8775662091682614	0.8823132383168628	0.816828429109775	0.8148299818561676	0.8202675336153533	0.8928771431712684	0.8901520240333006	0.8973983479485166	0.8925665702979547	0.8900233262740095	0.8970305613290923	0.1788
MNAR	0.3657894736842105	lin	mae	3.9465460675617963	3.9176995535846144	3.9715154772847	11.979511939410028	11.868825564296314	12.044191513056488	11.961809292435428	11.8522732369869	12.011152318612554	14.37971431075422	14.325349518511361	14.48668790748517	11.472623652374397	11.126986045942097	11.61436246593605	11.492064158165796	11.155118635926339	11.635722469732485	0.1788
MNAR	0.3657894736842105	lin	mse	24.38181920061273	24.008044311427856	24.592533560600078	361.6492594926058	353.69261863097864	368.2905985221582	360.6785611575323	352.8897233459384	366.452133617927	547.643153537612	538.0244737161812	558.5380878416684	320.16392610832077	303.5307290745882	328.78198815169463	321.0959548980613	304.6187741686762	329.16722570931046	0.1788
MNAR	0.3657894736842105	lin	rmse	4.9376240160762706	4.899800435877757	4.959085960194689	19.015162110492337	18.806717380526	19.19089884612386	18.98968564022212	18.785359281790125	19.142939523958358	23.400287281372705	23.19535457190041	23.63341041495426	17.882904990553396	17.422133310091166	18.13234646017152	17.90946488534152	17.453331320085464	18.14296628749859	0.1788
MNAR	0.3921052631578947	lin	ev	0.9919210646945713	0.9918410265908295	0.9919308828769062	0.8700548279444853	0.8683932175832089	0.8711191355347165	0.8703880538519441	0.8689167907753669	0.8713740724897844	0.8022771110774313	0.8001769594681633	0.8030688710988199	0.887282995474205	0.8802746012623934	0.8934153713799045	0.8868997051426307	0.8801516828739663	0.8925141850990925	0.19120000000000004
MNAR	0.3921052631578947	lin	mae	3.9222635799707546	3.909715986524774	3.9323511175559793	12.595266981033692	12.501551780294326	12.641844274935961	12.578473189874764	12.498939866410476	12.62861453164936	15.126045783305804	14.950842138099514	15.32560046933558	11.745124635814781	11.419971182815853	12.17436434306456	11.765504440187534	11.457927536712246	12.177956869301115	0.19120000000000004
MNAR	0.3921052631578947	lin	mse	24.18132928301433	24.10852452940717	24.158337909802277	388.4720596959931	385.74863560936865	390.31001306096545	387.47396112153103	384.98559306622764	388.55569617486964	591.1575049260331	582.6715760498865	600.6259587082877	336.8516055647744	323.7891511138787	356.5390136715347	338.0047444517171	326.5269491257519	356.6372848660078	0.19120000000000004
MNAR	0.3921052631578947	lin	rmse	4.917428601953889	4.91004323091021	4.915113214342298	19.708820392441638	19.64048460729441	19.756265159714918	19.683633384999933	19.621049744247316	19.711816156175708	24.312537367264092	24.138591012109355	24.50767142566359	18.346357718480363	17.99414213331324	18.882240695201794	18.37833591613904	18.070056699572138	18.88484272812479	0.19120000000000004
MNAR	0.4184210526315789	lin	ev	0.9919125397855094	0.9918284370237431	0.9919938644982697	0.8599583347810039	0.8577885437654839	0.8610260078629819	0.8602833579268833	0.8579185158443831	0.8612088381048394	0.7899445019304332	0.7898885441133645	0.7908443199475256	0.8841987195109613	0.8803646430078758	0.886504284595155	0.8837098919065106	0.879979193611915	0.8863228106786147	0.2062
MNAR	0.4184210526315789	lin	mae	3.929954752849336	3.930640256686609	3.952485275531785	13.39486522619253	13.300236630747309	13.466172648163628	13.37665347313129	13.288849883209464	13.420211558949667	15.902679774397672	15.767697830526657	16.00933634745419	11.883900315137904	11.781911481292074	12.008848137930334	11.912171855256021	11.796640183573336	12.037820933236748	0.2062
MNAR	0.4184210526315789	lin	mse	24.273959354948552	24.24456039257648	24.40186940298008	418.58865135782906	414.1470556051756	425.00915770786366	417.6195296572121	413.2191038639041	422.4030140460062	627.9704322599629	625.1802047736196	629.2076713770108	346.02413705867014	339.6999046101324	357.25637887910165	347.49254580395285	340.2442462588225	359.08751028848934	0.2062
MNAR	0.4184210526315789	lin	rmse	4.926742530706855	4.9238765614682585	4.9398248352527725	20.458882009817156	20.350603322879042	20.615750233931912	20.435244818416564	20.327791416282885	20.552445451721947	25.0590222902507	25.003603835719755	25.084012266322365	18.597584862425965	18.430949639400907	18.90122691465032	18.63739320833526	18.44571078215265	18.949604488972568	0.2062
MNAR	0.44473684210526315	lin	ev	0.9920484760057132	0.9920455414603838	0.9920686082689774	0.8538977553874709	0.8508227965017322	0.8553911858720858	0.8541379266957957	0.8510215424682326	0.8557561026537648	0.7764233084750651	0.7738015784607298	0.7783264255862133	0.8775705375997938	0.877275567704468	0.8823087777684174	0.8770622244980382	0.8770523353577402	0.8815629136631751	0.2178
MNAR	0.44473684210526315	lin	mae	3.897425691053722	3.8809476725229435	3.9006847545958587	13.779006415372686	13.718347436295705	13.89712325510479	13.76617415025773	13.696924346509435	13.904152024367294	16.591084857801427	16.429108309038067	16.745389740724708	12.357097226835625	12.106192985338872	12.157064281333463	12.387201094568812	12.133683753506553	12.197281551049512	0.2178
MNAR	0.44473684210526315	lin	mse	23.873030201127214	23.713292575093874	24.069183110960967	436.7866817792104	433.89877942727395	442.24765081459486	436.0686620762209	432.803846541489	442.6304785487857	668.5294569936161	655.5178974281378	683.4435494141205	365.99462855469636	354.25148558289527	363.06078571947506	367.5157613011819	356.17932563061544	363.72140128636534	0.2178
MNAR	0.44473684210526315	lin	rmse	4.885920298627481	4.869629613748244	4.906035376040512	20.89765612282876	20.83023714284775	21.029684990855067	20.880304310666197	20.803938245954516	21.0387851015401	25.85429907868065	25.60308374841081	26.142753286792892	19.123091561905206	18.821569689664443	19.054154027914098	19.163193171515413	18.872713785532156	19.07148136056466	0.2178
MNAR	0.47105263157894733	lin	ev	0.9918882733469392	0.991894813715978	0.9920684982750293	0.8441557204095703	0.8446767990105565	0.8475433413205022	0.8444537215872392	0.8450468711445259	0.8479463662953799	0.7637713466474183	0.7594104528770831	0.7697634698315555	0.8587827216393757	0.851581278079336	0.8641783435816488	0.8585824222206722	0.8512929596042313	0.8639860073864787	0.23120000000000002
MNAR	0.47105263157894733	lin	mae	3.9111226465901483	3.881378161976409	3.939736615446752	14.546985182032623	14.44563468902249	14.72326036793065	14.530677249860963	14.421843027228094	14.720058448400673	17.34911394011205	17.295298903989202	17.40283181352193	13.574804254791971	13.36301049621525	13.641248343268773	13.591709583761716	13.380549256294998	13.672586750134762	0.23120000000000002
MNAR	0.47105263157894733	lin	mse	24.06267236581766	23.65577513607579	24.459369300099244	465.8312535528203	457.44623877546456	471.4417135105564	464.93954478626875	456.2369622473862	470.7258701757483	706.1675160421147	690.838803334702	720.9696881920987	422.07341761769686	409.47784045124456	438.885760725892	422.66979563102996	409.32131912961927	439.73834154273925	0.23120000000000002
MNAR	0.47105263157894733	lin	rmse	4.905113463714048	4.863720297886772	4.945641444757115	21.581200215782847	21.387992864583264	21.71270857149233	21.560375713866627	21.359704170408968	21.696217877218793	26.57168908761296	26.283812572279196	26.850878722904	20.540000428149398	20.235558812428298	20.949600490842112	20.55450451472501	20.23169096070863	20.969938997115353	0.23120000000000002
MNAR	0.4973684210526315	lin	ev	0.9917520987859885	0.9916307647853496	0.9918183512140426	0.8370768359217744	0.8364118874340435	0.839940451011327	0.8374418198839834	0.8363988394038459	0.8402285485019785	0.7541264363992395	0.7525313548068719	0.7596308869153452	0.8611480802240672	0.8613828855032161	0.8666067724377975	0.8607755366707673	0.8609335348398982	0.8662809526868197	0.2426
MNAR	0.4973684210526315	lin	mae	3.949833090923607	3.9121407356550857	3.9866823633833075	15.093960513769582	14.914438086487838	15.235749745570114	15.07519386553104	14.882526532328717	15.222162768575853	17.858418244731403	17.722127303811433	17.967453607633068	13.504455358434617	13.200234188311411	13.596651731543039	13.526426766986628	13.236883253792053	13.631457807577036	0.2426
MNAR	0.4973684210526315	lin	mse	24.421997240359698	23.959912690462428	24.791908616911726	487.01759421086865	481.261829002576	486.2384582624657	485.9239400531527	480.2663801391194	485.36325849732344	735.0198520572285	730.1874883827043	732.2781904428458	414.82566423719237	394.6227259113846	414.8898520435172	415.94131320391625	395.5868801767968	416.234788994437	0.2426
MNAR	0.4973684210526315	lin	rmse	4.94157650714453	4.894886381772556	4.979147378508867	22.067232676181046	21.937680574814102	22.050815365025976	22.042480293301814	21.914980724132963	22.030961361169044	27.109513654466042	27.021981577647193	27.060639135889712	20.35141792907986	19.86511328715204	20.368845132788387	20.37903930392082	19.889366007412022	20.401832981240606	0.2426
MNAR	0.5236842105263158	lin	ev	0.9918979174351519	0.9918931506080204	0.9920292732533182	0.8310135644991694	0.828322000750139	0.8354067154334393	0.8313291931769072	0.8290000332453764	0.8356349741686391	0.7374447374468378	0.7320320059122912	0.7405892485061181	0.8500990716935515	0.8403690029760617	0.8604988116947805	0.849863502290875	0.8400802341817295	0.8603670240186372	0.2576
MNAR	0.5236842105263158	lin	mae	3.933919150089946	3.9236524418510137	3.954372975478905	15.633717863114668	15.443148583019171	15.73657255241907	15.618681099585583	15.421625483507295	15.704491956608734	18.85243736146624	18.705414601535157	18.9353896256893	14.264639117476175	13.608225262053617	14.71054509536604	14.277600776899238	13.62410814228652	14.720211576711243	0.2576
MNAR	0.5236842105263158	lin	mse	24.2143740080562	24.091552849506076	24.461437132661086	505.01953041498854	492.63818345288996	514.2198508025158	504.0740525583259	491.95499052091697	512.9568962758588	784.6924954783175	776.5467148060291	792.7437609917506	447.8629525072264	417.53594125774526	472.0413345274168	448.5692245926216	417.9304060695828	472.89528509469113	0.2576
MNAR	0.5236842105263158	lin	rmse	4.92070615485402	4.908314664883057	4.945850496392009	22.470845561719877	22.19545411684316	22.676416180748575	22.449700180442548	22.18005839759934	22.64855174786809	28.01112117449336	27.866587785482977	28.15570565607885	21.150330161571244	20.4336962211379	21.726512249494093	21.167284475925534	20.443346254211484	21.74615563943869	0.2576
MNAR	0.55	lin	ev	0.9919225946070925	0.9917889292740449	0.992054650003333	0.8256712977762906	0.8238278818448231	0.8282878885175187	0.8259534021421622	0.824331815312479	0.8284464383976591	0.7336653901288308	0.7327862471155606	0.7368296493354434	0.8566875364587443	0.8523875987638577	0.8600955045897359	0.856149779439872	0.8522582381744457	0.8596460270054351	0.2674
MNAR	0.55	lin	mae	3.9357447167972723	3.9437619312750263	3.954871161378805	16.01218828400268	15.922753160299214	16.14779769562822	15.9968529100229	15.89846670505717	16.121135908933304	19.179611006520098	19.11280729326234	19.331685807227863	13.807821668420448	13.699470577500126	13.751902046310892	13.839854975104947	13.729367873972132	13.76285344355034	0.2674
MNAR	0.55	lin	mse	24.26818270431685	23.94832522106066	24.53535820994689	521.1046257996577	521.637308612827	527.294369825381	520.2602806456218	521.1556563167642	525.546556198474	796.1610974797079	789.6475074160437	804.4603823908052	428.564422511172	418.74306510928056	436.6878980191734	430.1698892081114	420.08863472289715	437.07074213126714	0.2674
MNAR	0.55	lin	rmse	4.9261192389873765	4.893702608563444	4.953317899140624	22.8270526267431	22.839380653004298	22.96289114692183	22.80871616794491	22.8288338799152	22.924802206310833	28.215555180222815	28.100667383819264	28.363010813219482	20.69254854205338	20.4632124826304	20.89707869581711	20.731808109056434	20.49606388365574	20.906236919428306	0.2674
