missing_type	missing_rows_proportion	model	evaluation_metric	drop	drop_lower	drop_upper	mean	mean_lower	mean_upper	median	median_lower	median_upper	random	random_lower	random_upper	regression	regression_lower	regression_upper	stochastic	stochastic_lower	stochastic_upper	missing_cells_proportion
MAR	0.05	lin	ev	0.031464482443817325	0.02251596146530746	0.03665259685730998	0.029509814814254486	0.01959737924957014	0.03623138260444647	0.029548175165590763	0.019568961508118488	0.036268887122970606	0.024727113843806093	0.019920192707311768	0.035170075392583405	0.02951554333971722	0.019280006841580377	0.03613861095288476	0.027442531942296733	0.018394801991784004	0.03490269148863184	0.02144000000000001
MAR	0.05	lin	mae	19.028679242522355	16.364610332019836	23.01512192130088	19.175326540641677	16.37790559967898	22.58790570692107	19.17662541766025	16.379764171377406	22.589850449146	19.362377987354968	16.805632193381925	23.346453137648226	19.176524239321143	16.400480278998756	22.55618751166391	19.27742956796576	16.516421437456852	23.236089052825474	0.02144000000000001
MAR	0.05	lin	mse	3667.494718853941	2303.548532820082	6048.063784631012	3719.304214026828	2328.2222030137495	5907.458312253085	3719.346490285068	2328.3258807005377	5908.031875760486	3731.8383691812633	2335.2795114263367	5912.893755206763	3719.369611318231	2328.272436677933	5906.87692571228	3729.8086150606287	2332.797828740909	5903.151946505291	0.02144000000000001
MAR	0.05	lin	rmse	57.315084139756166	47.99486148756591	77.769267745374	58.16997572287514	48.25128839268889	76.85997151357282	58.169742174888704	48.25237834380004	76.86370137399275	58.288969909236386	48.32434304983574	76.89532045854475	58.170184884185346	48.25179918734488	76.85618728370154	58.241680363563944	48.298761445214566	76.83195435693709	0.02144000000000001
MAR	0.07631578947368421	lin	ev	0.03205898322203311	0.02469679119482593	0.03868921430435568	0.030926676852040095	0.02329754825996691	0.03830756415762346	0.030835995952674028	0.023361649691722053	0.03804452611359316	0.02866995293131618	0.020758632902281332	0.036537487813965985	0.030983331243219264	0.023819436936661997	0.038148747991116255	0.028975001000131773	0.022193339848843474	0.03674782957846717	0.033879999999999987
MAR	0.07631578947368421	lin	mae	19.533317994636242	16.810544111748364	23.104756602822675	19.21773987706457	16.468279881773146	22.854406293048733	19.220889063422074	16.44898814998248	22.866343495891066	19.20416266971294	16.531033855192792	22.805002312610426	19.218326789969787	16.478991898365443	22.84042515805299	19.254020751251428	16.44224195343223	22.888955362359994	0.033879999999999987
MAR	0.07631578947368421	lin	mse	3885.6614063950233	2410.952421755773	6161.390519015962	3716.7981536246784	2328.339591620782	5913.24553600382	3717.007527133429	2328.997048895394	5914.351511465916	3722.677960986556	2330.85596827992	5921.71086931507	3716.6655188374793	2328.8187092597873	5913.798211978226	3721.0178108873165	2331.0723412700618	5920.4615591090915	0.033879999999999987
MAR	0.07631578947368421	lin	rmse	59.341497258591644	49.101450244330934	78.49450210702005	58.14044453518897	48.252556111853515	76.8976030067839	58.142719034237786	48.25936674721154	76.90479067667735	58.19397445719378	48.27861851569166	76.95262493689425	58.139147734397696	48.2575238157381	76.90119308564682	58.18236913568272	48.280839578071856	76.94446335987554	0.033879999999999987
MAR	0.10263157894736842	lin	ev	0.030530914786758352	0.022537774914284547	0.03572773190346948	0.02654035448916665	0.017029170676747973	0.03413168682306025	0.026769168709364636	0.018173487125514087	0.033836309730286174	0.019080978661368174	0.013880034796378005	0.031065967709812126	0.026536431914593553	0.01730229209419129	0.03409790716189218	0.022447082737847842	0.014383442998427087	0.03263406615994274	0.04454
MAR	0.10263157894736842	lin	mae	18.604187087513395	15.34840559273726	21.386309534931975	19.0225134972183	16.48988288099916	22.416409379100173	19.065857569516965	16.487253126178107	22.486000914997035	19.378606143184484	16.415141799811003	23.55457514945142	19.019617925325807	16.47884970678087	22.3977016449858	19.270614368465075	16.66304510482484	22.60923699184868	0.04454
MAR	0.10263157894736842	lin	mse	3581.596098776327	2177.9333555716776	4884.395875714372	3734.07145199275	2338.6183443202526	5928.139358591638	3733.1491053251793	2335.647614139004	5928.008650210278	3762.40323651024	2365.869740931925	5945.494570408488	3734.172690295744	2338.2348297472618	5928.805253029242	3748.690383993868	2357.3000434344663	5938.616392440651	0.04454
MAR	0.10263157894736842	lin	rmse	56.51738902413751	46.66242704076306	69.88842982269048	58.274098962043354	48.35918699101199	76.99430921033871	58.267234799184955	48.3284118140676	76.99346208346951	58.49568318235178	48.6401901766602	77.10693195296565	58.27460926301672	48.35523175417216	76.99862283838998	58.39220283632572	48.55203192811834	77.06226980897125	0.04454
MAR	0.12894736842105264	lin	ev	0.03291033652959136	0.02398003438997004	0.03968859197794669	0.029667063006090323	0.021807894325544364	0.037600008527640116	0.029669990117273913	0.02220788876149768	0.03761009214330735	0.02341016833545356	0.015216498037976534	0.03171336462716426	0.029732360326028634	0.022179122223815184	0.03731524217898688	0.025392585207222915	0.019482436648822904	0.033762518880142034	0.05799999999999999
MAR	0.12894736842105264	lin	mae	19.308766924958583	15.4076180862818	23.558650399561635	19.182001411071074	16.574104755221605	22.99891249090083	19.205117763068426	16.589627683568303	23.01631874903548	19.45889293189446	16.751656635386787	23.26776651495217	19.181244175310557	16.591369938247695	22.973804281491603	19.31979529923616	16.579681515290467	23.097122434470016	0.05799999999999999
MAR	0.12894736842105264	lin	mse	3814.2173509971453	2241.443430743162	6288.565138361639	3719.8055696365773	2317.047223698508	5927.260630323824	3719.6979958180227	2317.581419816561	5926.913888451927	3742.9388524303026	2322.6426029849345	5940.2693759894155	3719.772331655916	2316.052548938291	5929.591824476149	3735.3535325083626	2316.87187514079	5933.34359310638	0.05799999999999999
MAR	0.12894736842105264	lin	rmse	58.440774833715416	47.34212415943077	79.30046359851181	58.17103449565743	48.135060921960445	76.9886637708037	58.17067365589978	48.14062933213136	76.98641447834241	58.35486305923755	48.193269234315025	77.07312294641554	58.17004406036777	48.12471150010867	77.00379377858225	58.29450943351036	48.13308436884222	77.02816317923637	0.05799999999999999
MAR	0.15526315789473683	lin	ev	0.03079758147347462	0.02225490680352743	0.037532732118819134	0.025417092010564284	0.016971233990787066	0.0327104926930378	0.025735051732230813	0.017503861967090945	0.03272868160014303	0.015547069026785694	0.00864961910919565	0.02869324109420396	0.025390886077895115	0.017187941628778486	0.03245266951995851	0.022406753152519512	0.01540317807807895	0.030328391609524052	0.06870000000000001
MAR	0.15526315789473683	lin	mae	18.807287219389178	14.217109388040768	23.345931876577332	19.04241987665305	16.29710272248708	23.019865996513108	19.072995034844787	16.38027904688741	22.99887644933692	19.335255820147765	16.541571333459167	23.408378292293836	19.036230958159006	16.293672551972733	23.009131925225343	19.392922385855737	16.72447212895193	23.38831977188572	0.06870000000000001
MAR	0.15526315789473683	lin	mse	3692.558008127736	876.9081081956128	6070.609168293929	3733.051267361745	2370.360353004458	5899.173670980088	3731.8758046117687	2374.373374164846	5899.9208589050395	3766.5768618085085	2383.415343665509	5928.760958851017	3733.5212338449	2369.9791074614286	5901.284450255105	3742.556221006095	2388.234777145838	5913.602727378087	0.06870000000000001
MAR	0.15526315789473683	lin	rmse	56.655805591269456	29.610675886301877	77.82503594436065	58.28729486438055	48.6862946631091	76.80599943037899	58.27860657023045	48.72749702697047	76.8108608110976	58.56549568367294	48.820161062301985	76.9984477030339	58.289881355934	48.68237706623294	76.81974033954937	58.36663050739403	48.86950422445098	76.8999096147065	0.06870000000000001
MAR	0.18157894736842106	lin	ev	0.03399849139211936	0.024503904441852714	0.041700270151493524	0.027330768456552353	0.017557979729469958	0.038314534354790764	0.027595653476628287	0.018534835538703442	0.037355918644293856	0.017345703431609367	0.012062453520389732	0.03318743764033458	0.027363666694912414	0.017997216660592535	0.038295264517997835	0.022818241437223708	0.015602760288530165	0.035579185637712396	0.07845999999999999
MAR	0.18157894736842106	lin	mae	18.525933120781836	14.855785372094186	21.801796926319348	19.03766105421181	16.52100605160913	22.437791201525712	19.070847868588924	16.526337481781148	22.49561176789882	19.56750462345733	16.692645738437825	23.608983043395636	19.036485342531094	16.529189791770982	22.439472275147104	19.32343549055872	16.570205427666355	22.79938166470616	0.07845999999999999
MAR	0.18157894736842106	lin	mse	3436.6733173096004	967.1662724896246	5170.971838983049	3732.2173708143437	2338.626465049069	5898.010085801933	3731.022067736727	2341.8653346930855	5897.829671666671	3777.172659080261	2356.528314694158	5915.046925533926	3732.153770607359	2338.341287922231	5898.944983552512	3745.386148244101	2344.066730667811	5913.605492927592	0.07845999999999999
MAR	0.18157894736842106	lin	rmse	54.64880204699037	31.09913393678115	71.909444882139	58.254595802692556	48.35923816757944	76.79843612958291	58.24643566010276	48.392715287858486	76.79726097400342	58.57893077227562	48.54401741774059	76.90924037562353	58.25381222592744	48.356277911689	76.80451466668724	58.36702210149574	48.41551909028804	76.8998896496379	0.07845999999999999
MAR	0.20789473684210524	lin	ev	0.033360436672179986	0.021422443871495056	0.04366236167030654	0.025294552489794776	0.015880262488259772	0.03743197805968648	0.02532025425230624	0.01662791996615129	0.03607829286462369	0.01646440410819298	0.009912441617143636	0.03013383958347099	0.025376765874884178	0.016249758322192442	0.03773910189190918	0.01752573875213314	0.009707168871629646	0.032123444141501284	0.09214000000000004
MAR	0.20789473684210524	lin	mae	18.249100524240635	15.132313894058235	20.225584766659814	18.962621615913164	16.485876016395903	22.075864456911294	19.008910158885563	16.477840146548218	22.303373583895713	19.473133757171343	16.674286600787635	22.682760208543158	18.960100058188562	16.529699814331444	22.04430198605083	19.373024521118797	16.66256036250675	22.85703014815333	0.09214000000000004
MAR	0.20789473684210524	lin	mse	3491.479521921185	2230.9084390924068	5050.981727260407	3740.739143457306	2323.480051357589	5971.5305470179355	3740.1938475641155	2330.603771624478	5972.1528601831	3778.76658688386	2347.8563711336087	5983.346976695669	3740.7901065478677	2324.651588397045	5972.09405771735	3770.9782077620334	2339.7710636025613	5985.397383421427	0.09214000000000004
MAR	0.20789473684210524	lin	rmse	55.62153101841782	47.23245677707481	71.07025465303462	58.31547231984213	48.2024193665296	77.2754386591462	58.31374948930411	48.27626394262002	77.27946055655902	58.59262580390921	48.45466747037912	77.35182527325374	58.31478709952223	48.214593063940825	77.27908501752971	58.54518384976249	48.37116117220419	77.36511038119932	0.09214000000000004
MAR	0.23421052631578948	lin	ev	0.03529134891118856	0.023042053979905747	0.0439665780110185	0.024329279684600715	0.012595163128520603	0.033756914465361026	0.02509541099556557	0.013890030514694895	0.0329065809497765	0.007015583999177153	-0.009245133679400608	0.028895710211779307	0.024341641380506037	0.01258141190081033	0.03427334901356735	0.018350814456041597	0.00672990570843171	0.03286355079966366	0.10622000000000005
MAR	0.23421052631578948	lin	mae	17.71614564454186	12.555765193126287	20.25545877982031	18.894723580419246	16.456499400461414	21.84010650578214	18.954424514249823	16.446435387464334	22.060729266180058	19.678935451323667	16.675772756094858	23.522938497249264	18.89379151448212	16.43086448774178	21.830165525617144	19.358746465245925	16.917079805260634	23.103733703649944	0.10622000000000005
MAR	0.23421052631578948	lin	mse	3180.557296720446	810.0058203763906	5149.344819630329	3745.5724130425624	2345.642060663756	5997.176990045968	3742.751203560667	2350.3107050630556	6002.110407439739	3814.1120974657115	2367.731824688307	6080.284473540674	3745.8133234906372	2346.5338870598084	5996.792920644673	3769.073328454012	2351.8658130842537	6024.666938836309	0.10622000000000005
MAR	0.23421052631578948	lin	rmse	51.71749425833608	28.460441481448893	71.75889418493388	58.35204655958888	48.431712810330716	77.44142126475754	58.33052071695348	48.47988901559655	77.47325624265198	58.870988503265025	48.659329861343544	77.97545659220884	58.35306504807334	48.44089564647119	77.43893772943946	58.530265372325374	48.49603885271592	77.61865586364094	0.10622000000000005
MAR	0.26052631578947366	lin	ev	0.03337723521539475	0.022909870396818743	0.0393902692965121	0.024394966820944775	0.015707016769196253	0.03157200212970063	0.025036055980523643	0.01682011889329671	0.031562253464264944	0.010181315657852545	0.005074202354643148	0.026764417783581018	0.024513252061743693	0.01610386376988901	0.03108634646079772	0.017741459671775553	0.00707554223443449	0.027858579653621957	0.11663999999999997
MAR	0.26052631578947366	lin	mae	18.834730967076506	14.03110315223886	20.981234572421002	18.941602475019092	16.43191849988519	22.441695796280207	18.97897302428322	16.470091747688052	22.678509130692003	19.479678427356934	16.501666667760503	23.214198417605385	18.935819456358516	16.4171806258425	22.41938125116808	19.25210409085569	16.69131010474022	23.102322049366723	0.11663999999999997
MAR	0.26052631578947366	lin	mse	3708.7686497550962	856.9951207526558	5411.3245715647245	3741.738790050842	2354.4633478678793	5916.21329684086	3739.876456430936	2354.33530722606	5915.040166361743	3797.8892098639953	2373.4445329492005	5953.184674595697	3741.6688712179143	2355.7345841835186	5917.841193209418	3765.1178491634373	2362.991828648921	5949.331633067693	0.11663999999999997
MAR	0.26052631578947366	lin	rmse	56.554442044042325	29.274472916079237	73.56089580098454	58.33595763098957	48.52184087534588	76.91692321048976	58.320108220007306	48.520467886732035	76.909297165774	58.76120061604508	48.717948452296945	77.15687615470897	58.33422000408469	48.534999626304234	76.92750336732085	58.52317933022771	48.6101991245452	77.1318866933668	0.11663999999999997
MAR	0.2868421052631579	lin	ev	0.03501329646722378	0.025349806688023585	0.04342715116146936	0.02325410977891331	0.011002372425487489	0.03468006108760674	0.024186004728156494	0.011979938320819006	0.03383951488746195	0.004032628396269076	-0.0013720813927989295	0.026676397132514212	0.02331446229538857	0.011079337347964735	0.035115373591130705	0.01330099813866036	0.005246094918904126	0.029740317920067205	0.12784
MAR	0.2868421052631579	lin	mae	17.91470744920958	13.45776899045746	21.69628050634729	18.878389940725864	16.03540651819312	22.308077985754892	18.929298373869113	15.959179730376556	22.496152905453474	19.60875543188905	16.40481747784114	23.53955107764307	18.88292772278988	16.05259768415563	22.319052580040623	19.53333444387247	16.740240431626916	23.255364466660442	0.12784
MAR	0.2868421052631579	lin	mse	3338.555758817193	834.9810419184541	5415.129775437091	3744.886241647907	2345.5049423327514	5886.922910013112	3741.422203307023	2355.937105626762	5887.331510669944	3828.8646123718618	2366.9540763990044	5912.816232628729	3744.684281756203	2345.3274432107264	5891.655115884144	3781.6649328262374	2355.540431915409	5922.776252983269	0.12784
MAR	0.2868421052631579	lin	rmse	52.51614686633821	28.894154135621044	73.5874324334784	58.366297193019385	48.43038141828147	76.72626795815617	58.33946890891789	48.537963939996736	76.72892924633025	58.97940654015886	48.65078923327062	76.8948376192748	58.364438328296394	48.42854520829705	76.75709125910376	58.655662707692414	48.53390906210537	76.95934000672571	0.12784
MAR	0.3131578947368421	lin	ev	0.03741675671513291	0.026701201692258786	0.045250319996021804	0.021990221545578014	0.013115196288089603	0.030202885842612492	0.023221907403412186	0.01505868063755908	0.03162971586104524	0.007484161087189967	-0.006474426395848887	0.02273635035934063	0.022006371487035156	0.013379602750704461	0.030830824663451994	0.009766258998136611	-0.002653055417639605	0.024772264300085278	0.14127999999999996
MAR	0.3131578947368421	lin	mae	17.339259300398485	12.298949577230317	20.39211691052302	18.765408062029756	15.738334456048966	21.794102789498385	18.829821532623274	15.745687500025323	22.12200927012244	19.489274687566617	16.641878731353135	22.818139963242444	18.766475750705144	15.716858015140671	21.788368947218174	19.495587997856163	16.66065183213933	22.625097737694738	0.14127999999999996
MAR	0.3131578947368421	lin	mse	3149.9981357010465	763.6784128287615	5420.494998293131	3752.78509983626	2344.935552338976	5969.798822421006	3750.82891264331	2350.633688613949	5963.6134308754035	3799.3977855030867	2400.3333969061177	5999.167267925021	3753.048192759188	2344.2627000118755	5970.769733327379	3792.97429871281	2394.4636119148763	5990.8230306901605	0.14127999999999996
MAR	0.3131578947368421	lin	rmse	51.500942789762	27.634110488282268	73.62387855650238	58.413911202028515	48.42424317976453	77.26437723039896	58.39262615508703	48.48303544216099	77.22435694885871	58.80116287254357	48.99319733946105	77.45428244841926	58.41495369946314	48.41725994050996	77.27064644936988	58.74537033346604	48.9331335438855	77.40040581182757	0.14127999999999996
MAR	0.3394736842105263	lin	ev	0.03626085940969663	0.026390172640289256	0.04523289355692481	0.02149964975535243	0.011082832467899872	0.03457547987446091	0.02276365918098848	0.01303824727084743	0.034714129989658254	0.001879143872187541	-0.009728916909535534	0.02496092705270095	0.021527475485124813	0.01134706809174485	0.034430204566483824	0.008090281132422748	-0.005848818815592904	0.030377896921046865	0.15205999999999997
MAR	0.3394736842105263	lin	mae	18.11596940487039	12.935100224352562	22.21050140141982	18.91461721225101	15.619012203291529	22.52250665190209	18.96810547759143	15.638742381108939	22.547541164785997	19.607934978876855	16.36390489508116	22.887071642879377	18.91030129893313	15.614720766024929	22.497173021168148	19.477117279318424	16.45411461407781	23.258443953374794	0.15205999999999997
MAR	0.3394736842105263	lin	mse	3425.712495429045	729.9267781860249	5708.05808853904	3743.735912404662	2345.307725815359	5901.280100052804	3740.2962517878045	2347.0767109787694	5901.634927479363	3801.0750370798014	2395.593891822373	5967.903779187924	3744.2988039298175	2344.673399599329	5902.918060484086	3793.775251272324	2375.1273802428404	5942.132268958758	0.15205999999999997
MAR	0.3394736842105263	lin	rmse	52.57040613116091	27.016626936501787	75.5477477191877	58.38629311173043	48.4282769045558	76.819727216175	58.355163055244695	48.446525900696024	76.8220440245302	58.88391164135578	48.94460789151322	77.25218345281425	58.38853750660064	48.42173247306259	76.83041667326279	58.78260943652916	48.73519871291022	77.08522485888604	0.15205999999999997
MAR	0.3657894736842105	lin	ev	0.04061670163755722	0.027943869807070587	0.05213138981129403	0.020798078568920363	0.00880099788697708	0.03254849439355498	0.022823105776801272	0.011315651968435203	0.032651779045524604	-0.0032458015815815134	-0.010812368345516576	0.021863766230101334	0.020905685165506938	0.008879620152525858	0.03299112940685095	0.005243984835769331	-0.007136476333883202	0.025960977327557616	0.16393999999999995
MAR	0.3657894736842105	lin	mae	17.000126775807452	11.265638845641654	21.217753410465292	18.71493043610448	16.22623704882537	22.04442892200825	18.771841587574656	16.289022377752765	22.26130730684589	19.65143970031583	16.631233281087223	23.456425368904632	18.71574589109446	16.224005435953565	22.022523019432032	19.586465051784177	16.647472081607965	23.47564684999982	0.16393999999999995
MAR	0.3657894736842105	lin	mse	3053.0721533000014	684.8084401855818	5750.100949898672	3757.0056989357486	2370.0540962178748	5938.671163998208	3750.5149794543577	2372.3998511893224	5940.684914082328	3846.541368422522	2414.9137023604276	5999.640937650951	3756.8382750535065	2370.9858971295853	5940.366388305023	3815.129178845758	2389.7975378149317	5989.261934703675	0.16393999999999995
MAR	0.3657894736842105	lin	rmse	49.027994249119885	26.16877457063434	75.82906295214039	58.45020019560269	48.68264345838658	77.06269126837414	58.39753821978278	48.70700718562554	77.07575275668309	59.136543157704615	49.14074366405205	77.45706683252301	58.448059795529424	48.69221442802276	77.07371037140597	58.90335863039284	48.88385031170381	77.39024220251468	0.16393999999999995
MAR	0.3921052631578947	lin	ev	0.03831919945337993	0.025259403867274988	0.04905180087559238	0.020213345680413948	0.009669863118019872	0.029991016447573293	0.021858255648528967	0.013461902304317208	0.030789647897539907	-0.001112559039492469	-0.01165813526190701	0.01699252024048531	0.020227940193185523	0.009661011689579918	0.030432712556780234	0.0034296601684196282	-0.009644729381315553	0.02362298171076102	0.17981999999999998
MAR	0.3921052631578947	lin	mae	17.342825858628036	11.744138683825968	21.49655078822051	18.72476110402936	15.467678040979745	21.48369380680677	18.78310715138278	15.45294219248639	21.79563852770776	19.533490546791725	16.980539389550696	23.482583532318465	18.715630821663236	15.472232489251939	21.497778465111068	19.534715505540635	16.850831603675477	23.23688559954524	0.17981999999999998
MAR	0.3921052631578947	lin	mse	3383.392774257294	682.3769324643764	5707.261385076866	3757.0632895455124	2368.928651786152	6007.6982822893315	3751.6560422669945	2375.1474666153986	5997.824806530015	3818.78662491845	2492.862895356705	6106.131933935815	3757.4181889329107	2369.9243541618075	6005.983531221393	3822.1065467730805	2454.6539551555616	6021.888589051843	0.17981999999999998
MAR	0.3921052631578947	lin	rmse	52.225184564552094	26.122075265450615	75.54637762834932	58.45981187991807	48.67120893654132	77.50931793412411	58.41566344973788	48.7350948049576	77.44561741038403	58.9980830646025	49.928553174149805	78.14174159811492	58.46133506096356	48.68148562030676	77.498263039791	58.95746301238449	49.54440879755876	77.60082731718519	0.17981999999999998
MAR	0.4184210526315789	lin	ev	0.0395084127660314	0.02395013719925368	0.056385256035910936	0.017863635219045666	0.0072451941366498684	0.020559271695261117	0.02010980395974224	0.011201777305722138	0.02143092776777214	-0.01608495297162244	-0.038240954027432716	0.013103497057573188	0.01794824910367487	0.007562488464948641	0.019821596506503003	0.0036696111447902945	-0.008112971221881649	0.01564176916981755	0.18924
MAR	0.4184210526315789	lin	mae	15.967176669093142	11.965378158490019	19.906994640730424	18.575020904259308	15.889773384984334	21.70939158047002	18.65083654034087	15.940525188601125	21.73882113492367	19.949465633990584	16.98689169218746	23.401582320043087	18.5632990618882	15.85128465085671	21.696208812428612	19.604377272888016	16.65687701239145	23.113476704117506	0.18924
MAR	0.4184210526315789	lin	mse	2709.4986898257157	726.341588427805	4790.233632311401	3774.757928477271	2351.0848118977674	6038.832805516274	3767.2648667425556	2343.3578097315067	6019.785331777233	3911.661559512249	2409.0817269663758	6120.602410679236	3774.6383736841067	2351.0076936693176	6036.513006896804	3831.9308875620522	2379.2853444225816	6035.501748623234	0.18924
MAR	0.4184210526315789	lin	rmse	47.04649021242802	26.9507148714411	68.92266138791834	58.56421978203613	48.487958631313354	77.70979513034914	58.503947358616514	48.40809311961644	77.5872670047568	59.59007476118853	49.08237553132506	78.23417440406205	58.5628031646901	48.487171934437114	77.69484498015328	58.996942160076	48.77784622943685	77.68811217748187	0.18924
MAR	0.44473684210526315	lin	ev	0.04102596300256759	0.021986588605172663	0.05667186980610922	0.02083809520610248	0.008236278763232852	0.036775252596441516	0.022575934019309976	0.011986186149099104	0.03520582034625136	-0.0024527927363108427	-0.01396321097597597	0.019541263643047174	0.021002816901364577	0.008145688912611582	0.03659565383590796	0.003133727713043941	-0.00947336170255314	0.02647073584045931	0.20344
MAR	0.44473684210526315	lin	mae	17.02423038437173	11.808447912374742	20.216232004831134	18.800620064829836	16.518162888210703	22.103954512059595	18.856218476252632	16.503857239138796	22.18340878047911	19.73973911039672	16.95331446941108	23.51366742934271	18.794551668380972	16.499381842771893	22.124204040536128	19.51533654476539	16.73853690230229	23.218132743235735	0.20344
MAR	0.44473684210526315	lin	mse	3147.456013371135	630.0450219490363	5936.659229017039	3757.6213063998503	2334.2723136994873	5870.289096528799	3753.145283605476	2342.6598954627825	5872.243374365188	3836.989510185335	2364.9208800422903	5915.535609410594	3757.6338569704913	2333.629880357573	5874.196807152508	3829.7000153551835	2356.3638400717628	5917.10897006296	0.20344
MAR	0.44473684210526315	lin	rmse	50.133007954635424	25.100630785454953	77.04872729440598	58.44714002185605	48.314215177839166	76.61763760527369	58.408715260861435	48.40097448502939	76.63040451935865	59.09062476100563	48.6299744420474	76.9125082634925	58.44512579980079	48.30757998626685	76.64313939832591	58.98620850176307	48.54182132179153	76.92266798149834	0.20344
MAR	0.47105263157894733	lin	ev	0.04009878809990029	0.02455628276069824	0.051266001430347846	0.017673916393738096	0.0060993471359326035	0.02519408247626062	0.020001965375414023	0.010868865392070604	0.02324307646826851	-0.005710661756360662	-0.021552063476794003	0.01861768359354038	0.017641472496482805	0.006282357351918927	0.024525692444092473	-0.00047296371267823155	-0.019536043963444882	0.01617767921144911	0.21128
MAR	0.47105263157894733	lin	mae	16.361382638321448	11.341853574189653	21.04518670837865	18.674887084614717	16.008313741418462	22.203364775917738	18.724976955769968	16.014150328270308	22.459139558974943	19.58971285121772	16.7930612845243	23.129371068812777	18.669268761938394	16.00515790076549	22.2061098506004	19.509989509176528	17.426722827946136	23.81248697133335	0.21128
MAR	0.47105263157894733	lin	mse	3073.6324794490465	554.7818880587531	6079.8941148665235	3767.9825749584893	2421.4339209476107	5982.394691546499	3760.9274907530466	2412.9862617415024	5972.654840576497	3858.2876464296837	2472.5166621176927	6072.017545471423	3768.5133576070207	2420.4908855594026	5982.703654618101	3832.413963190635	2492.2563095455007	6040.833948730419	0.21128
MAR	0.47105263157894733	lin	rmse	48.6454496832091	23.51956464932072	77.97367187444989	58.53848150032663	49.208066240542806	77.34591125386848	58.47827202801519	49.1221564743949	77.2829524305437	59.234302156631	49.72420990407839	77.92277855956853	58.541148566482235	49.19848366875729	77.3479209296939	59.05102430202328	49.92247755874341	77.72262726521348	0.21128
MAR	0.4973684210526315	lin	ev	0.042366489890657145	0.029024350530029885	0.05110582906929134	0.01653721523467493	0.005134374159865507	0.020964654393244547	0.019156253005264256	0.009714479644140517	0.026932499266464238	-0.010163020888202564	-0.025832731699905853	0.011156818738623231	0.016690297026828338	0.005864030583443425	0.02100105730998167	0.0004689650057649364	-0.011732181000759845	0.018755333604986324	0.22480000000000014
MAR	0.4973684210526315	lin	mae	16.07502500077221	10.421836493299722	20.75017057321054	18.590709673912635	16.04880982591468	21.272797060839906	18.626694341309374	15.945788453898716	21.486827266584978	20.021140384015393	16.991344380193443	23.090545619488214	18.578415962781264	16.022445164782102	21.212547432433563	19.398035346388987	16.504827148346088	22.857955952136948	0.22480000000000014
MAR	0.4973684210526315	lin	mse	2684.417776523405	609.1549293201448	3492.0523874896944	3772.6445422700617	2355.103534581106	5979.117441757343	3765.267779961403	2349.376224461666	5981.417543224796	3874.9869170979027	2469.751115450225	6037.7204233407765	3772.310187698706	2355.0371500504802	5981.829344062513	3835.7147792995984	2374.200763207619	6006.280567915693	0.22480000000000014
MAR	0.4973684210526315	lin	rmse	45.26368065833662	24.68105616726228	59.09318817510851	58.57468356941532	48.52805837502092	77.3247529102944	58.510820103722324	48.46889090104701	77.33962423690627	59.35868443536917	49.696332534699486	77.7027649922734	58.57116839512707	48.52734277329573	77.34228588754472	59.05231415081212	48.72498083167428	77.50019622283858	0.22480000000000014
MAR	0.5236842105263158	lin	ev	0.04108515490005237	0.02408383410777795	0.052202904334914646	0.015325104877602365	0.0031139977807716768	0.018121953282140918	0.019218876201399736	0.011710163076102453	0.02270890004163925	-0.008206272731048207	-0.028069124523017353	0.018692987754505286	0.015330766643638244	0.0032859256559019667	0.017940292174452588	-0.0034207085597589824	-0.021443887410042994	0.014973444436823052	0.2378
MAR	0.5236842105263158	lin	mae	15.883507643564112	10.433839331803005	19.899311172597496	18.596767630734814	15.590964676982704	21.53554971045964	18.6428299462595	15.533979183186913	21.74252339447517	19.781369904884876	17.27358863734968	24.11554009915257	18.5827687202287	15.53774312791571	21.522882866167482	19.53527623746865	16.29783410381555	22.87385800198516	0.2378
MAR	0.5236842105263158	lin	mse	2819.2028582585936	559.9692413780961	5998.4515037122765	3774.130479552181	2387.3617721372784	5988.660493017484	3764.2343857459555	2386.179990398703	5997.447813984885	3870.888614562735	2447.0330492736175	6095.789651526038	3774.534026836731	2388.1914327394607	5989.91225417545	3852.0077086688984	2421.012747202896	6074.969931955776	0.2378
MAR	0.5236842105263158	lin	rmse	45.61829197804128	23.66330315774139	77.44936879721278	58.596722621835454	48.86048662687869	77.38642773196513	58.50499093218569	48.84848299140756	77.4431884090495	59.32202697534233	49.46027028302005	78.07551485017376	58.59861507819267	48.869005857266096	77.3945110600772	59.18283584166614	49.20378427676013	77.94201374552593	0.2378
MAR	0.55	lin	ev	0.045604387630321666	0.025657103213333116	0.06032728574378399	0.015148416512648947	0.004406770178673247	0.02079930106995767	0.01847660516730688	0.010100660512655318	0.02386335509713297	-0.008725865948459907	-0.020447139383350854	0.013035728994839568	0.01563170629070799	0.004315346855388896	0.020661972161885617	-0.0032680819545894747	-0.018352250258183878	0.01164454071302673	0.24894
MAR	0.55	lin	mae	15.40464891243228	10.032566937051621	20.351358924351516	18.484477474301226	15.467547957462365	21.368748421724224	18.52708390761942	15.510881777260328	21.20566059001789	20.027449953509663	17.19505094430876	24.40085322907018	18.48697285158167	15.503875300904836	21.345980049686823	19.444638202535987	16.71166505009904	23.030723293716377	0.24894
MAR	0.55	lin	mse	2745.0607796754116	471.9534120111987	6136.11168635779	3780.7688570101095	2344.607771886792	6042.255195695427	3769.6151270389987	2349.4097369284746	6010.195372967517	3865.883464828419	2418.727184813484	6122.381319257134	3780.0247790010308	2344.4938424278744	6041.895452706323	3858.890353283669	2348.435998640342	6216.4769350098495	0.24894
MAR	0.55	lin	rmse	44.30150212620668	21.724046754614726	78.33285779868764	58.628856676836364	48.421094523384056	77.73131693317262	58.53907090980708	48.47068030024113	77.52522596663376	59.302298014843565	49.17938749706596	78.2456123359501	58.61970778480918	48.41989206943769	77.72908291431732	59.19881904340842	48.460653778427854	78.84434226502705	0.24894
MCAR	0.05	lin	ev	0.03096431922136361	0.023159352180842502	0.03715021606842003	0.030160609932116333	0.023026899738847972	0.03684488119686627	0.03012287335508871	0.022850675000710807	0.03695231932558837	0.028470651194038573	0.02196402599655478	0.03398900254326512	0.03026672011102481	0.023004566900219015	0.03731656793387053	0.028736511615559044	0.02169788419781926	0.03691321199729475	0.02112000000000001
MCAR	0.05	lin	mae	19.296174259014975	16.77667770788036	23.284856392846816	19.22945003310695	16.54441836294026	22.891329869424702	19.22773855566646	16.545459249709648	22.883224931133995	19.240453321247962	16.526303207442975	22.982619109335698	19.23017863948279	16.568511565632285	22.87395864756163	19.254040830568783	16.508550203609186	22.838589393219408	0.02112000000000001
MCAR	0.05	lin	mse	3773.5136953323813	2357.7758845132466	6114.3714662279945	3719.3328535947803	2325.876876442782	5909.731272610858	3719.4098418022145	2324.9789338987807	5909.926179107955	3725.166437820124	2329.7549800779348	5916.450019553617	3718.740182316827	2328.1936961710503	5913.278307116212	3724.1753362355016	2332.2696486159766	5915.520332320978	0.02112000000000001
MCAR	0.05	lin	rmse	58.269936863916165	48.556710328897395	78.1942207690309	58.16135877383479	48.226989073159956	76.87474115503443	58.16210023919266	48.21767670824032	76.87600834919519	58.209395638852776	48.26720383006311	76.9184442094546	58.157271324050406	48.25105905619345	76.8978028662275	58.20100427114401	48.2933517122468	76.91236055927487	0.02112000000000001
MCAR	0.07631578947368421	lin	ev	0.03221215677386888	0.023849061728270837	0.038455840267799385	0.030547877834401983	0.022398540018611857	0.03716754238485345	0.030600641712943785	0.022334760638787532	0.03702527541938133	0.025147602975400054	0.019279422506403965	0.032194264597062316	0.030147955560433603	0.022505835393466123	0.03727363568600017	0.028199017101148936	0.021513742550060333	0.03561392061412341	0.03422
MCAR	0.07631578947368421	lin	mae	19.352593730677274	15.287051060735717	24.09439150530782	19.24822942632177	16.51419042643022	22.961180763649566	19.246679290644753	16.503960789197652	22.95476088605821	19.390804803918456	16.61374301557819	23.243233686290328	19.239818146704604	16.52812562785322	22.90413925921278	19.284838478575463	16.546114086492665	22.887788373096363	0.03422
MCAR	0.07631578947368421	lin	mse	3709.6357568989974	1237.545926272111	6361.984840279294	3717.3064096888825	2326.638212532867	5909.975037683034	3717.172126980159	2326.8885710262457	5908.515430298095	3734.9381711013434	2370.6409311551856	5931.046035596242	3718.3522027604968	2336.5020655524354	5908.20685323782	3726.1756607470284	2365.0089473580906	5922.011647429897	0.03422
MCAR	0.07631578947368421	lin	rmse	57.19468650857848	34.44747536428781	79.76161414242335	58.14800684933637	48.2352310751922	76.87633828261951	58.146578083645664	48.237753598444776	76.86684578866493	58.29861167377676	48.68922803086005	77.01324089867033	58.15840148872291	48.33710621030851	76.86483626119707	58.21960976655285	48.631357298920236	76.95454053349575	0.03422
MCAR	0.10263157894736842	lin	ev	0.0328143738639757	0.022733982546057713	0.04166531637856935	0.030908780387506534	0.0224064586304539	0.0394123912281758	0.030959998837227696	0.022200177953137223	0.039507147137835624	0.026562986768190813	0.019536788938726235	0.037001312500432454	0.030393574909999003	0.02193880650048388	0.03794395352876789	0.027228787075829496	0.019482851208112856	0.03761823384922064	0.045360000000000004
MCAR	0.10263157894736842	lin	mae	19.094103053758435	16.771941168293424	21.6308271202206	19.25768499520624	16.633402439134727	23.008758811281982	19.25045512738373	16.62129403725115	23.0179605984332	19.38757508508811	16.565785735377965	22.899534928152313	19.226420817367554	16.519365009868636	22.983240900896888	19.312283342962598	16.54011376881785	23.352049943053135	0.045360000000000004
MCAR	0.10263157894736842	lin	mse	3667.653574096899	2362.5573007028825	5082.843752772576	3716.442113802114	2315.371076831398	5906.483559068636	3716.660586568123	2313.5655376445598	5909.38088562845	3736.201630902082	2287.85809314764	5960.622043968067	3718.7235320094637	2326.3917101379725	5933.389497838219	3731.1117149909232	2328.9786049741233	5949.605133936312	0.045360000000000004
MCAR	0.10263157894736842	lin	rmse	57.14952024405716	48.605964781702795	71.29318820862348	58.13768689893765	48.118297493805954	76.85364942404459	58.13792679082654	48.099532097284026	76.87249721686413	58.2797856890423	47.83095780331597	77.20505563332313	58.154233116082985	48.23246914186371	77.0284126490143	58.249283803414194	48.25928317330939	77.1336820168654	0.045360000000000004
MCAR	0.12894736842105264	lin	ev	0.03479010383650984	0.025478674091570952	0.04206487665103012	0.0304409422348919	0.021185178769843743	0.03883432499832695	0.030432848019716206	0.02121980330913495	0.03885394514428134	0.023862330299075966	0.016825843371032573	0.03353799598616233	0.03050390804708526	0.02233188603973113	0.038588720473616944	0.02719955719457632	0.01987012657516779	0.03613134230006096	0.05847999999999999
MCAR	0.12894736842105264	lin	mae	18.96381908852245	14.045237529967842	21.70773421078719	19.216695975452733	16.512827746830332	22.98745304491368	19.215569821031718	16.50549450952649	22.985855381731238	19.434403112888084	16.48657437462625	23.53923647136001	19.215343320930018	16.543923913958245	23.003802480322225	19.3896760510715	16.591504404543752	22.854190399398632	0.05847999999999999
MCAR	0.12894736842105264	lin	mse	3502.464613357216	907.7645709537198	5173.361364396833	3720.3692581373157	2327.751121689459	5897.431319745174	3720.3480124217144	2327.719550495914	5901.623335082476	3745.942357361123	2344.646937828855	5943.357521611367	3719.995547578581	2326.315875531842	5911.084996977831	3733.6878325849702	2321.219548855654	5934.792623151514	0.05847999999999999
MCAR	0.12894736842105264	lin	rmse	55.37686817044017	30.123682356837463	71.92534778045597	58.160993126126556	48.246413601233144	76.79472761741465	58.1609302154271	48.24612663959162	76.82202227990592	58.361151360283884	48.42134763521294	77.09311144730256	58.15970368205169	48.231468835876754	76.8835787210634	58.26386983937657	48.17820701098295	77.03758561424142	0.05847999999999999
MCAR	0.15526315789473683	lin	ev	0.03508065435834332	0.025564225693259446	0.04215813313537348	0.029782354955884847	0.022164096197986177	0.03454448985217504	0.029958269839158492	0.02238359241457491	0.03512611619716022	0.022634598160334755	0.016616785636690223	0.032408837809185076	0.029713788671584807	0.021695786474251993	0.037058789566254496	0.02549597991828715	0.018925893783918263	0.03189265933424218	0.07174
MCAR	0.15526315789473683	lin	mae	18.771505560541662	14.580658715468944	21.9895975830342	19.279720351147045	16.666149347195635	22.873896421709617	19.288782742713845	16.637733893463004	22.86787830246269	19.632652855598465	16.59435688666366	23.76139042107417	19.24614526759698	16.658903772526255	22.838794183082673	19.37227495586244	16.801498199806687	23.053416493868312	0.07174
MCAR	0.15526315789473683	lin	mse	3390.033234679807	953.4559653209949	5242.36094007191	3721.0184210784337	2317.3471334131427	5919.003211622843	3720.752493729445	2317.312509633955	5922.6907884355405	3748.190694439279	2343.349062606079	5932.343651943912	3723.4628195438854	2322.0542053971076	5924.227032090749	3739.555248031976	2329.2242744095447	5944.094463561114	0.07174
MCAR	0.15526315789473683	lin	rmse	54.17568017151848	30.877851802347294	72.4040303410458	58.17316716477715	48.138160943741745	76.93505828147555	58.16948637610414	48.1378022288715	76.95901886215577	58.38985611052459	48.40775421075458	77.02170610436622	58.187011747451294	48.187128523606624	76.96899154619673	58.3111504081169	48.26170355606895	77.09795060752576	0.07174
MCAR	0.18157894736842106	lin	ev	0.036632744381448056	0.027166384413231964	0.0426587517723144	0.030226011165471425	0.021075241354512053	0.037466392716307834	0.0300511208455174	0.021481271894967624	0.03695706248255162	0.02354862993916618	0.014622013169128562	0.03189354675804193	0.029920313080575314	0.02025239218417077	0.036264029540382076	0.025273896670815317	0.01803319804050585	0.03235777656712191	0.08032
MCAR	0.18157894736842106	lin	mae	19.02863172677036	14.129543256614124	22.50607250863344	19.2695172360113	16.905798736282144	23.07700703469227	19.25840010722866	16.92022565979186	23.032590641157608	19.470246422167058	16.943308823021425	23.747961770466965	19.231655796500267	16.577614215662123	23.030577896457082	19.38174284796426	16.775171629276496	23.1579326249857	0.08032
MCAR	0.18157894736842106	lin	mse	3517.3234638878384	867.8670778636756	5464.226316266759	3720.6674534970966	2306.8290412859023	5900.436538669905	3721.458841310822	2310.7132538110477	5899.999795928286	3748.8452565768007	2350.5105956311218	5946.954131483706	3722.049915440221	2313.5088153290067	5907.986392951052	3738.8483931086944	2335.24606022574	5920.0094480988755	0.08032
MCAR	0.18157894736842106	lin	rmse	55.03467633438994	29.45402218572239	73.92040422446779	58.16682449099354	48.02851808758606	76.81419328475437	58.17299011559245	48.06909414968677	76.81135298466695	58.37868071152107	48.48196084662931	77.11641637051133	58.17681670255573	48.098332333840766	76.86342678684032	58.3107722677709	48.32406871121545	76.94159081609209	0.08032
MCAR	0.20789473684210524	lin	ev	0.03664265019218757	0.024219662086560595	0.04580379922937303	0.029750384429828438	0.02021165904753197	0.03752313101847393	0.02978286156616921	0.020254697321970744	0.037587762885878895	0.01944491379777668	0.01106593697066291	0.03189760054275961	0.029293949020650654	0.019886180414722038	0.03607840100729395	0.02374737743773868	0.015296990070802291	0.033404452998467754	0.09228000000000001
MCAR	0.20789473684210524	lin	mae	19.53810027908907	15.270097769386819	22.165975843410862	19.298253506094248	16.667276406904175	22.504420089207343	19.2841294709157	16.65091100272068	22.48214739442675	19.49409122941081	16.44726532061538	22.901485805019654	19.273358352612632	16.668451211271744	22.588509097679985	19.5400162698468	17.04020096510883	23.081413043388803	0.09228000000000001
MCAR	0.20789473684210524	lin	mse	3699.129011324259	1358.8870604433673	5505.296934630831	3717.7512800859236	2321.6907969805266	5904.18922015474	3718.682603318837	2321.872771010083	5905.6742409344	3752.647127224698	2335.1838480800216	5951.746816117092	3719.8589221185703	2321.9605313706033	5906.858240298741	3739.123432661079	2335.999846654432	5932.261632603625	0.09228000000000001
MCAR	0.20789473684210524	lin	rmse	56.94255688749331	36.13977127459136	74.19745098723624	58.15915307249142	48.18381820836089	76.83868538795355	58.16310208267259	48.18567448465429	76.8483748926277	58.44351342790184	48.32369391781353	77.14752390984135	58.17403855699369	48.18659579035304	76.85606762471002	58.33210990811323	48.33203426533047	77.02116605154337	0.09228000000000001
MCAR	0.23421052631578948	lin	ev	0.03693339920468663	0.024730855582746042	0.04535284954945404	0.032107205880122704	0.022810121734990446	0.03906994659768093	0.0321175864025862	0.02307048165781639	0.03966342304236506	0.024773726599242946	0.01659176981346322	0.03350376090615528	0.032111148694712995	0.023719960771432458	0.03888149254640022	0.025899527449519847	0.017587781450824902	0.032839510894089124	0.105
MCAR	0.23421052631578948	lin	mae	20.191899088125652	15.656872860890175	23.362086525225326	19.391515232083307	16.50129787384258	23.19804095670104	19.366944966616476	16.485138017641226	23.164898416917882	19.39229713539312	16.512912630253616	23.34365378912753	19.380594688072364	16.614835491994718	23.156372913675238	19.43193576998645	16.827628155370547	23.502824143940394	0.105
MCAR	0.23421052631578948	lin	mse	4146.214382429837	2489.373141342789	5800.383352435756	3710.2413561538388	2323.273807879213	5897.560962048104	3710.095647600224	2323.8135067000667	5908.6245045577925	3738.590133582404	2353.881914095131	5954.444129677459	3711.316663213451	2326.7277740408413	5911.597091678841	3731.650461666444	2340.368880597781	5950.047455576473	0.105
MCAR	0.23421052631578948	lin	rmse	60.19396056949595	49.88152697672665	76.16018251177226	58.09599715773792	48.20020848631407	76.79552842244762	58.095241878216356	48.20577220788563	76.86742483785957	58.31656296442762	48.51681568698007	77.165042265063	58.10108165116023	48.236095716261985	76.88680645939236	58.26960990948735	48.37726887554966	77.13654385840428	0.105
MCAR	0.26052631578947366	lin	ev	0.0378848519638716	0.026172244439511688	0.049538510418830894	0.02966580658128914	0.021217472839124618	0.036763176661898905	0.0295490193497301	0.02120383679947563	0.03593264575393018	0.022213191583730633	0.016121948789275337	0.028615635627363828	0.029788207873071303	0.022570532324195258	0.037184639363805866	0.023338119667796708	0.01728856857994593	0.03221341237812017	0.11698000000000003
MCAR	0.26052631578947366	lin	mae	19.91557372921237	15.38855186659845	22.701571350012458	19.308733514276295	16.5918937458522	22.82758223518243	19.28147306968996	16.62479566162988	22.545196469421843	19.379126572668934	16.767315018493434	23.05846993765464	19.31149175622811	16.452302456327583	22.660265080660402	19.551277207817304	16.8381487091292	23.371260500317696	0.11698000000000003
MCAR	0.26052631578947366	lin	mse	3930.8201340618216	1459.6618700831855	5785.573227257319	3718.7229532910533	2343.547532020213	5903.942299499141	3719.2318896754095	2344.598475561267	5902.370509950248	3743.5087879232415	2390.7939226819362	5946.399983161664	3720.339949350041	2347.0583711179984	5896.964898695947	3741.582834479753	2372.9331731844477	5945.194192779852	0.11698000000000003
MCAR	0.26052631578947366	lin	rmse	58.5333582753661	37.479330096917785	76.06277210438152	58.16255443207957	48.41010295046375	76.83710956385744	58.1661309366769	48.42100295044568	76.82688074117915	58.36721055815015	48.89573703054496	77.11285740009228	58.169298732543645	48.446364258119495	76.79164948842262	58.347043066768556	48.71273028143909	77.10507182483576	0.11698000000000003
MCAR	0.2868421052631579	lin	ev	0.04207553121575391	0.030340059649025697	0.055194393144707005	0.0311547394731959	0.02313369975724691	0.037804265353221955	0.030903965474579253	0.022271870332225385	0.037243677212617704	0.021857562575086375	0.0153935334742899	0.03116069337589214	0.030621676644500974	0.02491737834641533	0.036349149106077505	0.02305977532608413	0.014977305964497561	0.03313090170544175	0.13018000000000002
MCAR	0.2868421052631579	lin	mae	20.4437316794874	15.209566766601975	23.94981016879187	19.40771137048767	16.472111165074658	23.23825347368461	19.379712940388686	16.46786514076748	23.197603563305055	19.624540899345764	16.828627742183368	23.86563437246339	19.34061675806769	16.60843650694094	23.1125850456042	19.545013235096523	16.870628182491856	23.21038847375072	0.13018000000000002
MCAR	0.2868421052631579	lin	mse	3981.852505733185	1076.6718479060671	6008.448870054199	3713.795401438466	2328.7495654946297	5887.26997546299	3714.732244847578	2334.7012353515197	5884.352424645545	3752.385483180983	2329.0790186373397	5954.442137770706	3716.721127773144	2345.605935279419	5911.406961763105	3745.8897078918963	2366.124399286791	5909.971124749627	0.13018000000000002
MCAR	0.2868421052631579	lin	rmse	58.62416046136932	32.812527561809006	77.51131573310352	58.1209729376065	48.25711265138523	76.72854726202289	58.12814628944031	48.31873993624245	76.70953185671968	58.41012226550454	48.260311916765794	77.16502503220873	58.14272457938621	48.43142966834267	76.8856520653821	58.3679644946095	48.64280740853462	76.8763150060102	0.13018000000000002
MCAR	0.3131578947368421	lin	ev	0.04016638466683429	0.028251557442383224	0.047711507219410476	0.031107983718521224	0.020536380590913922	0.03959784309702977	0.031197657400065158	0.02091578483494949	0.040208782769593276	0.016266449266159295	0.009747642869803896	0.030051825768101087	0.030055678829010085	0.02096252655136724	0.03894253004065962	0.018949158286440455	0.01336317255814043	0.031567198308572963	0.13839999999999997
MCAR	0.3131578947368421	lin	mae	18.758262967976528	13.008199479076927	22.055246570378017	19.356735279357803	16.760992564988438	22.832055193639384	19.355876012335838	16.85378536101485	22.76293798880723	19.638145678646538	16.73510202581054	23.84519169135006	19.302662104768473	16.642940504693055	22.906605375623823	19.613000353629175	16.88732847199646	23.441132460580324	0.13839999999999997
MCAR	0.3131578947368421	lin	mse	3327.2057287709704	709.182938522347	5986.020429462927	3713.3944817046327	2313.5230120230563	5895.939963573783	3712.995915451513	2314.1822719638876	5894.022880629292	3775.3719107252664	2337.3431267653236	5959.96391719001	3717.1996681228757	2342.4086490039977	5893.980274355445	3758.7921361352464	2361.0247974474705	5932.86766116498	0.13839999999999997
MCAR	0.3131578947368421	lin	rmse	51.763820038179155	26.619824434411996	77.36927988614761	58.12213930843693	48.09856838092744	76.7849344049153	58.119623451519765	48.10548942032271	76.7724523526175	58.58794860534803	48.34587583918421	77.20075720780811	58.15456369699538	48.398379778929325	76.77223106596898	58.48273344486035	48.59032613013768	77.02510768055986	0.13839999999999997
MCAR	0.3394736842105263	lin	ev	0.04481729667491671	0.027057595691064695	0.0536099736694777	0.030197799729741723	0.022393069875612404	0.034209475563512226	0.03016698849629769	0.022466719400010327	0.033813782246052276	0.017727749707496628	0.007939624950536517	0.02959311514650892	0.029652174788186488	0.022369029417473957	0.03465244985658983	0.02114791736554322	0.013493039949213415	0.02631805378191679	0.15415999999999996
MCAR	0.3394736842105263	lin	mae	19.295026670039555	13.236143033291619	23.978305565180946	19.345715231089574	16.61529777801198	22.844609145443442	19.319165296238445	16.585300353921046	22.897174356240626	19.604912960888726	16.92517962386761	23.056050819493187	19.303149028601794	16.68348810036284	22.900788049542104	19.522393868652443	16.850087393006312	23.189214118305543	0.15415999999999996
MCAR	0.3394736842105263	lin	mse	3573.9667115581397	719.3219639458488	6365.974162120422	3721.338335518901	2345.0327576906457	5886.540530530949	3721.2577925427527	2342.7236089769613	5883.015496836023	3771.241631822217	2360.310481552345	5956.392445937059	3724.031969732519	2346.09305600456	5886.326646059673	3754.750910519799	2361.1558351173553	5928.408188424617	0.15415999999999996
MCAR	0.3394736842105263	lin	rmse	53.93258147361823	26.82015201233744	79.78705510367206	58.16903355458043	48.425510850420295	76.72379331576639	58.16882209147054	48.401648162903264	76.70081731921782	58.55311434413346	48.58301441223142	77.17756672737393	58.1895540912348	48.43636208364617	76.72238284546711	58.435076675582465	48.59153785046485	76.99615366769596	0.15415999999999996
MCAR	0.3657894736842105	lin	ev	0.04207359053979912	0.029188306183349028	0.05313687735419212	0.028554638743545226	0.021473024453165873	0.036221888982781864	0.02834415171709856	0.02071212343781942	0.035746737621392466	0.013542638195778773	0.0004073172230492361	0.025896843175718193	0.027279982600679507	0.02031825721148872	0.03363395819611856	0.01810560100544685	0.012546971869256851	0.02675076279899205	0.16626000000000002
MCAR	0.3657894736842105	lin	mae	18.75387826942493	12.11116290686506	23.075436752297783	19.23034525698518	16.941691810938316	23.019921759151	19.205866076690064	16.668650183255238	23.014458849978297	19.545777776891054	16.641372738349258	23.17772593124091	19.156076748881283	16.42519237590994	22.95789017105558	19.577763523156136	17.095718067134246	23.350275762885676	0.16626000000000002
MCAR	0.3657894736842105	lin	mse	3322.56363393245	743.3466644603837	6313.708113086494	3724.6198847549745	2306.6081666714263	5916.645023622052	3725.0892275125825	2300.4372777466965	5915.285283488352	3777.982073386953	2331.7452659954174	5978.5208410326795	3730.04958028265	2313.871848303028	5933.664683979172	3763.578830104176	2339.7597233857764	5988.2469460258235	0.16626000000000002
MCAR	0.3657894736842105	lin	rmse	50.94503942186579	27.264020787449304	79.45859340131202	58.20447991978452	48.02661706983086	76.91972044559637	58.20921208173458	47.96224056423515	76.91087768737026	58.63497149273446	48.28725655240942	77.32069738809183	58.24573796219034	48.10200249542034	77.03025663457912	58.515775825189166	48.370756989226656	77.38375434266493	0.16626000000000002
MCAR	0.3921052631578947	lin	ev	0.04419864507483769	0.0277862197061286	0.057105840441923655	0.029329214601146937	0.020107752301274984	0.036703882102606694	0.029205243382759098	0.020999239008731352	0.03736620250544592	0.015605078606388947	0.007847254290827221	0.025711421383635025	0.029222455775765193	0.021630612192885618	0.03616425864721676	0.01921192657292422	0.013371575685647896	0.029728269662476686	0.17739999999999995
MCAR	0.3921052631578947	lin	mae	19.364858011459194	13.228723543821658	22.721182878547847	19.326844967149068	16.55619897095991	22.96909802110787	19.300928606638536	16.540300919020012	22.988996816180347	19.505525948827444	16.458743360582478	23.431806379183726	19.274726705499972	16.620286144384572	22.683663148345836	19.457862439930544	16.420793773427114	22.991050389321863	0.17739999999999995
MCAR	0.3921052631578947	lin	mse	3621.4923617744307	770.6348059539233	6644.030019801334	3721.6307586524053	2330.8237734855193	5885.951098300324	3722.9892854472146	2337.3373514500845	5887.360408605499	3773.185677822149	2375.0079799954674	5946.441102225804	3722.6712532707893	2332.5365388301084	5908.960112892983	3755.147054067772	2370.1466911942534	5931.890465981373	0.17739999999999995
MCAR	0.3921052631578947	lin	rmse	54.5886391712662	27.76029773689107	81.51026496945997	58.181986925500766	48.27851049701542	76.71994858791284	58.19014823488171	48.3459185682996	76.72913210176755	58.586809298052415	48.73398149882308	77.11313945329687	58.18803854586113	48.29599225960027	76.86973800079997	58.45912514759999	48.684125096475455	77.01871968472845	0.17739999999999995
MCAR	0.4184210526315789	lin	ev	0.04492074076240067	0.03025045064161011	0.057410284031790826	0.031205596087450608	0.020782285738592282	0.04200020478255817	0.03116240517031067	0.020001457476651024	0.04112208197017897	0.01667275339309431	0.007578826049732007	0.027301982524012003	0.029951388777359745	0.02004076572905017	0.038924249394088006	0.020179321557358767	0.011449887981638013	0.029999754496539438	0.18875999999999993
MCAR	0.4184210526315789	lin	mae	19.960478752623775	11.600397093510102	24.427299085156456	19.375467402841537	16.869214831582404	23.48526334161928	19.341260187820613	16.849999222127835	23.433504736731265	19.6262357141069	16.84090387376022	23.76008272215923	19.318157720430154	16.834955305137687	23.302687426368365	19.55346581243226	16.68234050328254	23.12058849246269	0.18875999999999993
MCAR	0.4184210526315789	lin	mse	3998.3458363389195	680.6714710929275	6971.813224304113	3713.254687051626	2326.736071748367	5907.691023540954	3713.4346276184324	2325.3000343179383	5902.794602593566	3763.5166224835684	2347.6045394970993	5959.093578629005	3717.808735670963	2318.404554255325	5916.344892105824	3751.864534892478	2347.042567068312	5969.504415104951	0.18875999999999993
MCAR	0.4184210526315789	lin	rmse	55.73242124588505	26.089437202903508	83.49738431609009	58.12065066198691	48.235426567633205	76.86150512318197	58.122279585580856	48.22053011808576	76.82964546234118	58.5320266090682	48.4513874469052	77.19515257239992	58.15752100333076	48.14867320255196	76.91777528960515	58.43417897702012	48.44572873005072	77.26256757215904	0.18875999999999993
MCAR	0.44473684210526315	lin	ev	0.051992044971617205	0.03342615222650608	0.0682240917986002	0.03070413368525112	0.02399919305860812	0.03892504753206702	0.031121772134591788	0.024322503769114157	0.03868004661203028	0.013109561712858556	0.00435156388821803	0.026386964369413735	0.029136346188827638	0.021867434891201104	0.03640386481652086	0.017989594121802	0.008658227916566424	0.02935729075605964	0.19875999999999996
MCAR	0.44473684210526315	lin	mae	18.687176577900992	11.691259361784677	25.480264899037707	19.30275179567677	16.28519188987202	23.230240037713376	19.28005098418605	16.27446814698293	23.167674801353535	19.68028110227578	16.71316839779985	23.66878611121961	19.227237939403558	16.621837248265447	23.05415390722628	19.471177754337763	16.941695090654456	23.130070834952797	0.19875999999999996
MCAR	0.44473684210526315	lin	mse	3388.6094183360315	572.7111376164091	7149.4595726051075	3715.7215328569896	2341.137604057056	5897.862431428922	3714.7772264059163	2339.960757564258	5900.208540876562	3786.1519354523434	2373.5814754652934	6018.833184590481	3720.855779586501	2337.2477537781224	5909.233844893807	3757.312515277864	2350.205715092675	5966.8921171233205	0.19875999999999996
MCAR	0.44473684210526315	lin	rmse	49.96339306222814	23.930362264312983	84.55444918973089	58.13717690480186	48.385296807302495	76.79753570827339	58.127593936348546	48.37314083950275	76.81279329560587	58.67643267225419	48.719404670646576	77.58109524341843	58.18046642868533	48.345082299469574	76.87153722096664	58.4827832327633	48.478918962234175	77.2455461961635	0.19875999999999996
MCAR	0.47105263157894733	lin	ev	0.052421191586734105	0.037092747300194434	0.06569009260742384	0.03052324806112894	0.019807152401482897	0.03656239275886777	0.03024003966037379	0.018817616859297864	0.03651286115872998	0.014482493843386943	0.009371039681297821	0.02366918516532629	0.02989223630513149	0.021883887460512036	0.03712310195567456	0.019918890623432495	0.01547750062765793	0.027093335784594802	0.21181999999999998
MCAR	0.47105263157894733	lin	mae	20.284611351074716	13.788341308015582	25.4709203217042	19.386179329735736	16.569318170179827	23.047803847444694	19.348303932446417	16.664573582027536	23.009299495919773	19.591463650110196	16.512544954225085	23.591359764406633	19.343520065534523	16.440811336033295	22.817169565171948	19.54329804899716	16.833800518815657	22.96425789983813	0.21181999999999998
MCAR	0.47105263157894733	lin	mse	3746.245125014212	783.5813153996546	6658.643593198096	3716.0251537486347	2323.106336757953	5882.173778046782	3717.377570664267	2316.4172088808573	5882.148367048089	3777.4455308534293	2365.261022195372	5923.520667591097	3718.792195916375	2324.6040273655744	5896.641543057714	3757.678562881645	2368.4289152929714	5924.636854931084	0.21181999999999998
MCAR	0.47105263157894733	lin	rmse	54.16671628416208	27.990813025490077	81.03045212446999	58.142039613890205	48.19816924181132	76.69531983481984	58.15153268945194	48.12856957383729	76.69515295447411	58.62044164558031	48.6339319169623	76.96434186373314	58.16275660655586	48.21363266601205	76.78958392313	58.46613000177035	48.666408721075236	76.97164376174277	0.21181999999999998
MCAR	0.4973684210526315	lin	ev	0.05513446453515128	0.03499544035973495	0.07196305672323991	0.028408976611478554	0.021479047547678348	0.034576619742198667	0.02827460254985774	0.02001086754728776	0.033501232173688444	0.00845993192779431	0.001104546958094893	0.02217097997719225	0.028243185327279555	0.020471802605656675	0.03322438262170607	0.01881885515705865	0.010843681895820495	0.027701922552987118	0.22688000000000005
MCAR	0.4973684210526315	lin	mae	20.040113041661737	13.82791394439189	23.79565567030791	19.34548644042152	16.547104375713538	23.077382507368384	19.321342645440993	16.55079808980044	22.99370438391209	19.71655269450526	16.64875184843868	23.37655894490959	19.251359738393667	16.6244362466916	23.0771636599464	19.459513892855387	16.6106346905331	23.257458883760833	0.22688000000000005
MCAR	0.4973684210526315	lin	mse	3710.852140161637	841.3862062311198	4370.93164012038	3721.4421705495397	2351.5881814933227	5885.4512499819975	3722.4884563672276	2350.981614284848	5885.337760783458	3803.8100413621705	2362.84809985861	5945.292896090611	3724.747628303916	2338.932959072508	5886.824975029067	3754.750026399375	2364.569950665224	5930.951345516788	0.22688000000000005
MCAR	0.4973684210526315	lin	rmse	53.976323036560956	29.006119842820233	66.11218950704655	58.19260610461603	48.493151173789585	76.71667087655148	58.19911451043189	48.486893111724086	76.71595491196884	58.803291928052474	48.60905542578883	77.10572166959582	58.20989907931146	48.36242820506935	76.72564311997672	58.46390111449002	48.62683981814511	77.0126689091902	0.22688000000000005
MCAR	0.5236842105263158	lin	ev	0.04600000057197071	0.03158347254430044	0.05988509663129146	0.02612621102658855	0.016458902075962456	0.03115151636327515	0.026175008281218125	0.017084612955022616	0.03178430211084282	0.00990610123131348	0.0005235932777487295	0.021225746579226268	0.02568935240829097	0.016175651105366368	0.03399071713330576	0.014345088052760848	0.004251555436739662	0.024454915264213728	0.23662
MCAR	0.5236842105263158	lin	mae	18.86139440509671	12.884620794876984	24.54101751519978	19.232533644792156	16.495156015233768	22.66017306045769	19.21762497722373	16.464700216913947	22.534123874054075	19.650115119938164	17.304484124292543	23.27986369060074	19.185480874125222	16.686581502815176	22.578353541443462	19.52259040844818	16.656454220688243	22.730820732714545	0.23662
MCAR	0.5236842105263158	lin	mse	3304.9598225198197	691.5474744535225	6922.233636010247	3732.01170479958	2356.636954917318	5946.94378661086	3731.569235086824	2354.800404505228	5945.193053335225	3793.036233161296	2396.9640769876005	5978.727669270538	3736.7540587298827	2342.6408261465713	5956.933383295218	3773.239202940942	2342.6676049205207	5962.159051553332	0.23662
MCAR	0.5236842105263158	lin	rmse	49.26946974881429	26.297101210421356	82.54882160188097	58.26981851744972	48.5451935210443	77.11616350019737	58.26742109696263	48.52625714389285	77.10477157344134	58.75237388713052	48.95867191538959	77.3221961253487	58.29689810525096	48.40083334240551	77.1809199596897	58.60071080792718	48.40109296759866	77.21499350358287	0.23662
MCAR	0.55	lin	ev	0.05577548950064747	0.03740711748740036	0.0713656751901757	0.027324950146630313	0.019290294472974534	0.03166030263817693	0.027174818079737886	0.018421979319686616	0.03159839470525744	0.00779247376649667	-0.00011845319859360437	0.021694916977091167	0.026683215123514136	0.017985021507210264	0.03220342284602734	0.0120313683608248	0.0016251306005131694	0.0246178953558647	0.24861999999999998
MCAR	0.55	lin	mae	18.478687856460052	12.126041798181419	23.97642205482685	19.289440569903462	16.777357669106237	23.049156018947382	19.270474268438182	16.795097678723067	23.120481249453583	19.616435392728437	16.86912815921213	23.62252089285809	19.202878622943718	16.716037536309415	22.92555841949374	19.614046830702225	16.629185484996345	23.387173591343263	0.24861999999999998
MCAR	0.55	lin	mse	3141.241330836192	598.8597289647932	4494.307778550597	3730.623593682054	2311.5849095742915	5894.387391736847	3731.301117059045	2316.9491518317614	5894.021264382895	3799.2939768700307	2364.4325916549074	5979.9077236104695	3735.0467303637242	2318.454306880042	5899.405859645063	3788.039811381866	2347.3915846334576	5950.374790920551	0.24861999999999998
MCAR	0.55	lin	rmse	47.63445249481854	24.471439464294274	67.02776492349369	58.24825019576364	48.078779620733386	76.77490764212314	58.25280052844282	48.1346395835802	76.77251680050384	58.79915035634041	48.6254307312763	77.32985704077427	58.27799193764482	48.149963097587175	76.8075871972342	58.70093871081563	48.449812741946644	77.13861793200408	0.24861999999999998
MNAR	0.05	lin	ev	0.03229438046776322	0.023634004105945378	0.03987692047317623	0.03044465857910594	0.022054772654896554	0.0383998414282922	0.030542201863925894	0.02260092653632867	0.03836001041791373	0.02873059114381536	0.021586276790236142	0.036934345370061905	0.030481610305805536	0.022048519424763907	0.038780991391072606	0.02835223461415667	0.022117553975523674	0.03755750930896734	0.020700000000000007
MNAR	0.05	lin	mae	19.042229268097163	16.377424031644793	22.39402266932401	19.19999221129853	16.43299125717111	22.57411029029776	19.20150751909174	16.42708676207043	22.5542627401501	19.21092017779694	16.391073500731764	22.6996830360544	19.204689144290963	16.489998575661623	22.566661555424925	19.293428473663845	16.55501696409692	23.196227248967084	0.020700000000000007
MNAR	0.05	lin	mse	3622.535440003425	2316.2149967344562	5774.282688593081	3719.2604259753193	2334.11274001745	5913.265047543631	3719.1345010900714	2334.1615952539833	5912.814176434789	3724.8039304867543	2345.051994723164	5914.2293481068	3718.9737287414255	2327.2681902058057	5914.325243496228	3725.9753337619677	2338.4121319346496	5913.301237176081	0.020700000000000007
MNAR	0.05	lin	rmse	57.17991957184762	48.12705234688656	75.88805015420485	58.15812526702958	48.312400937251695	76.89772469781298	58.15619665569488	48.31291632503945	76.89479494394308	58.204590009839194	48.42565729252533	76.90399643971568	58.15625214097181	48.241379801051096	76.90461519364887	58.21413775486241	48.35696989079369	76.89796313103759	0.020700000000000007
MNAR	0.07631578947368421	lin	ev	0.03201373213099863	0.023671059159081548	0.03899525450299354	0.030629639850691386	0.02353689375117088	0.036736908856496525	0.030744013771092576	0.023476990362875316	0.036884342430352046	0.02796020947314366	0.021015497955413437	0.035050039111857056	0.03071843738930955	0.02322628185898079	0.03691554098068747	0.0294968980780144	0.02263667389553478	0.03752011351080062	0.033060000000000006
MNAR	0.07631578947368421	lin	mae	19.50167548514603	16.728998927514372	23.108815864365596	19.26135596144046	16.470322715784004	23.036666328881484	19.256512958343805	16.457449702076815	23.025255681436853	19.292204465226185	16.519381883562385	22.884268916780968	19.261109639864447	16.513772523004576	23.012149485221236	19.319013636165668	16.460676935338263	23.059291301178398	0.033060000000000006
MNAR	0.07631578947368421	lin	mse	3771.6118393205693	2384.7418242528274	6200.582915954989	3717.54121749535	2342.1121076618892	5911.478063593034	3717.2720782100832	2344.4385457977633	5910.073871252569	3728.217221326851	2340.125614591838	5918.6469241915665	3717.497299902946	2335.9941037645826	5913.681684154435	3722.212451606653	2335.502888641609	5916.207190035015	0.033060000000000006
MNAR	0.07631578947368421	lin	rmse	58.345053057908125	48.8337595253365	78.7432549107814	58.14715639593578	48.395305083643336	76.88612470322457	58.144615804103914	48.419359645333394	76.87699174329205	58.228459600993254	48.37464387332695	76.93272992862398	58.14571053467193	48.33195063290982	76.90044922544581	58.18271526975828	48.326865997007765	76.91685062575897	0.033060000000000006
MNAR	0.10263157894736842	lin	ev	0.03196326484990019	0.021362997595199273	0.04004042452312087	0.028688091962875594	0.018099679331115004	0.037529755595344966	0.028688335058187048	0.017863647777927455	0.03745536185395687	0.022686151857094616	0.015752205921621576	0.03322792228003238	0.02903647723288657	0.018401558071728913	0.03641230391001671	0.026878614014234366	0.01703427860028825	0.03586123873497657	0.0447
MNAR	0.10263157894736842	lin	mae	18.94421574639291	16.50746855430915	21.13473801536479	19.13942794392281	16.607449683616945	22.409205675510762	19.15177161262613	16.60664489784731	22.42562314025652	19.336057852103192	16.682038233761027	22.965294718561424	19.164373014945387	16.602846595939248	22.399709287463544	19.237578047608814	16.758568536822917	22.8070931065268	0.0447
MNAR	0.10263157894736842	lin	mse	3613.5560638673783	2466.0518830584315	4990.673043999163	3726.435089596026	2321.080534123311	5912.483690191605	3726.3997758463524	2319.8488333570785	5912.10028230754	3753.079314598883	2333.2466800311836	5917.634274516879	3725.4644230541458	2321.1391403029293	5914.49685538763	3733.1517960518513	2324.6924475882242	5919.363433356058	0.0447
MNAR	0.10263157894736842	lin	rmse	57.16262088103721	49.6593577205126	70.64386420388064	58.20949617701249	48.1771412533985	76.89261920308064	58.209338578083745	48.16433755288958	76.89013167148794	58.403612818591455	48.30342436372318	76.92613926768266	58.20170715607075	48.17778843195582	76.90571110246515	58.263544774361115	48.214779170393875	76.93736325393355	0.0447
MNAR	0.12894736842105264	lin	ev	0.034762135098321385	0.024070881957203055	0.04581094733036839	0.029354716057137402	0.02149911604387783	0.03815473808076392	0.029283929765732974	0.021225963159705263	0.03735779601744024	0.02489587675488457	0.015566444941621488	0.03445017652160223	0.029657318871386115	0.022030580800511457	0.038204949489571566	0.025029788394176085	0.01486706977016361	0.035111565914501625	0.058400000000000014
MNAR	0.12894736842105264	lin	mae	18.819099115271836	14.151032539606533	20.73022577551908	19.153044049392303	16.58639165999319	22.668264938723098	19.14200832245417	16.517688989435175	22.71125814154243	19.405089048567337	16.692512696778643	23.187041729424124	19.161822347103964	16.570181569568188	22.777847702349106	19.345624211911563	16.47679062718606	22.742217998054013	0.058400000000000014
MNAR	0.12894736842105264	lin	mse	3420.1208883374306	921.757202918703	5037.388441067967	3722.681918066455	2321.237723026992	5919.097981226541	3722.738540255507	2321.87099773713	5918.355480726207	3740.0602851145627	2325.2021769854914	5941.217378632525	3721.4418208436527	2322.5779995989815	5917.102829779024	3740.152389493952	2329.9473998482213	5977.008960509642	0.058400000000000014
MNAR	0.12894736842105264	lin	rmse	54.86199227362045	30.36035424955713	70.97346733392459	58.18595697950478	48.17886724198299	76.93560843836846	58.18701948419584	48.18548031259439	76.93078859791173	58.3174951779816	48.21972623474048	77.07919462497647	58.176915486473256	48.192804189464326	76.92267138888077	58.31967814661216	48.269249576664876	77.31092802723896	0.058400000000000014
MNAR	0.15526315789473683	lin	ev	0.0363991670270247	0.023971989139403238	0.046377286514987626	0.03044391432802605	0.021188289252173365	0.03881020778002617	0.030360564925569822	0.02067474594442839	0.03889535886146034	0.018182511352647764	0.014876793917149356	0.031105451375277204	0.03033136654654291	0.02232720367447355	0.037163734285309113	0.026222849012676956	0.016864715520405166	0.03762349399226628	0.0705
MNAR	0.15526315789473683	lin	mae	19.397800628279253	14.439815750556647	22.3139825689558	19.217548726210847	16.70180772046419	22.740897386670923	19.2183016540781	16.67508978776669	22.880932791547725	19.363700692187873	16.587297604735667	22.99032987880065	19.219998728695007	16.67721819599132	22.749734679304908	19.294113219687627	16.688470236681468	23.031324604526528	0.0705
MNAR	0.15526315789473683	lin	mse	3695.966160636193	981.6327134943992	5347.5490363815525	3721.4018269926723	2318.0985999419095	5907.468250620437	3721.1780047149673	2317.3247432654275	5909.375134404457	3768.162125744669	2327.0727775350033	5930.263674846229	3721.5614097967778	2319.1793275449763	5909.779534880692	3736.171201974272	2328.758351596586	5923.543148965477	0.0705
MNAR	0.15526315789473683	lin	rmse	56.80976526607308	31.3291030872497	73.12688628206563	58.16635386126787	48.1461108575389	76.86003606048288	58.165908638873695	48.1381013345357	76.87242686827915	58.526269200229784	48.23933613461546	77.0081880422114	58.168775778531625	48.15738227982449	76.87507771294642	58.28488184910741	48.25682294941313	76.96452566269518	0.0705
MNAR	0.18157894736842106	lin	ev	0.03516870928238556	0.02309668671597298	0.04543647702214684	0.029636235072990406	0.019225737394898218	0.03659050715700718	0.02975496200184259	0.01906071233577586	0.037041642042576456	0.02062241147238286	0.01361444830297609	0.03305158258336735	0.029147666445751855	0.018862661288293614	0.035326465825922776	0.023554795751264054	0.01749609541321237	0.03117059789155241	0.08017999999999999
MNAR	0.18157894736842106	lin	mae	18.969645825011813	14.923765736834618	21.56418346650368	19.21949089589308	16.718040792931927	22.8516965003629	19.23042374536719	16.67409961280849	22.810400758503718	19.463892476177588	16.85820102850142	23.03401093203981	19.180347765317077	16.674277427229033	22.548598310849204	19.4692805878007	16.981021976277376	23.18126862807426	0.08017999999999999
MNAR	0.18157894736842106	lin	mse	3504.430712158597	1003.8303370711407	5313.804360402792	3723.6080062275178	2345.011593915667	5939.661508827918	3722.623944393334	2341.7904570638643	5935.246998728888	3759.24686079911	2365.583755611501	5965.277395485718	3725.8005460013005	2345.4334309788214	5940.19216286436	3747.5977674888277	2348.8134721664846	5942.940072240143	0.08017999999999999
MNAR	0.18157894736842106	lin	rmse	55.216649695700625	31.683068125026104	72.89575000461124	58.183716829827766	48.42530966699874	77.06919948147585	58.177667631811346	48.39203996284068	77.04055055054357	58.45725487911902	48.6372665526608	77.23519115116798	58.20000240091735	48.4296601662817	77.07263871861046	58.36705466518608	48.46451503417658	77.09045717053533	0.08017999999999999
MNAR	0.20789473684210524	lin	ev	0.03522563215287853	0.02327186296490452	0.043680507629595744	0.028608339607290426	0.020176677168360135	0.03817202721094337	0.028692973185447217	0.02036654271376928	0.03766208018721223	0.019652652696364105	0.011068778311795563	0.03238651877191037	0.02832084826454949	0.01772722320146705	0.03797547732436976	0.02121220089292813	0.010668298412188665	0.03327897579287878	0.09272
MNAR	0.20789473684210524	lin	mae	18.757032799879525	13.845392495788289	21.94894480587088	19.19761981249069	16.602527549725938	22.82566145235836	19.19355687140584	16.584605107894326	22.78840509839807	19.425707282020127	16.85385768434584	23.09470250908658	19.173327430386195	16.645959072541423	22.734312534548057	19.503511111318993	16.815985948538934	23.64400763020084	0.09272
MNAR	0.20789473684210524	lin	mse	3486.495834134623	838.7990524057601	5575.253434497036	3722.2821685927424	2330.233504095968	5930.594847141774	3722.0384228129496	2332.1078419423866	5932.067163772428	3759.32895353066	2347.483283792574	5987.137863606417	3724.2804298543174	2330.0823234271147	5929.521579990312	3752.13823263444	2329.2868829672075	5989.382856643893	0.09272
MNAR	0.20789473684210524	lin	rmse	54.39492730115749	28.95941785204237	74.66724813186815	58.19414726497902	48.27248334257947	77.01035084880095	58.19193575324954	48.291899643970524	77.01990724216384	58.47614871137602	48.45064960007176	77.37654094434826	58.207559119383504	48.27085906667258	77.00338258464257	58.421701910085375	48.2623912488615	77.39081225429226	0.09272
MNAR	0.23421052631578948	lin	ev	0.03678772140171578	0.027624031047270015	0.0465987675302198	0.030156126297114328	0.021280425404781922	0.037303907891384214	0.0304449344182901	0.021754733497029416	0.036536172939352324	0.02181782711117441	0.013185150115649386	0.03059337333798695	0.029572167887881865	0.022582870455592652	0.03576783546589152	0.021927354471114505	0.015919768180458538	0.031982571829359235	0.10474000000000001
MNAR	0.23421052631578948	lin	mae	19.19707849651814	14.638230340910127	22.51945085893497	19.24891219773739	16.584705732077023	22.888002655148977	19.26455666152957	16.593098238173354	22.930042165185128	19.40597175893107	16.384027195069773	23.029001250208132	19.21505356534833	16.57468631148741	22.68553753596785	19.48951180491359	16.541819856570076	23.098111268187104	0.10474000000000001
MNAR	0.23421052631578948	lin	mse	3599.1164295407275	950.15620677243	5581.6807332768585	3718.9309376473097	2319.981389255637	5920.795478211611	3718.252009737941	2318.8931427398697	5918.087728536824	3752.6089209192633	2342.2588735588406	5961.567545425021	3720.102596980038	2321.8945835749637	5911.481602480281	3746.0853365109033	2335.9072016671653	5933.39939799883	0.10474000000000001
MNAR	0.23421052631578948	lin	rmse	55.27556031935765	30.824483369546414	74.71064623051933	58.15813220270902	48.165871074946935	76.94670224043573	58.151515111759856	48.15461803352505	76.92910650084146	58.41428611116402	48.396817635006265	77.21114392375696	58.17144656963269	48.18568700835228	76.88615467839291	58.384421053786625	48.33106433794292	77.02848449417621	0.10474000000000001
MNAR	0.26052631578947366	lin	ev	0.03896559420316241	0.02411781140446015	0.05224707837674458	0.030233675259036006	0.020043331735890735	0.03824225742670215	0.030358545830422204	0.019756288155771184	0.038525004015406566	0.019145457961097307	0.011629776266474767	0.0312637226758265	0.029857710746477428	0.019833415350739958	0.03847604913153696	0.022219038380050266	0.015365057601700205	0.03176322432830689	0.11810000000000001
MNAR	0.26052631578947366	lin	mae	19.96688679574398	15.114908334002745	22.704211602890695	19.25720532569685	16.75283673999212	23.258584581393116	19.249938236275717	16.721287261780542	23.27786399194464	19.295686310661907	16.48088547393938	23.200884956515708	19.226937918533878	16.725999721108103	23.19345868437908	19.327326510265724	16.666622756692426	22.87824717887588	0.11810000000000001
MNAR	0.26052631578947366	lin	mse	3966.4445338456426	1302.8804745014081	5907.719757442572	3719.3480055391155	2317.5484474184505	5896.366536130798	3719.409886426629	2315.191613874574	5894.930380965492	3753.511237943526	2332.1335742724295	5897.28907583908	3720.0395498937164	2317.441491701921	5890.1817969585245	3745.5306280370196	2336.459847796377	5933.062699137041	0.11810000000000001
MNAR	0.26052631578947366	lin	rmse	58.4089831794021	34.99307270470902	76.86167298682025	58.1573706333773	48.14068922274289	76.78772865881231	58.15652047578215	48.116192505921894	76.77838280317033	58.445580109462355	48.29165753444309	76.79374800284732	58.16539457852514	48.13954046762439	76.74751724060536	58.379128348792236	48.336705647072534	77.02634540896727	0.11810000000000001
MNAR	0.2868421052631579	lin	ev	0.037194950067968746	0.022560247843900483	0.048760343302822834	0.02966855826873655	0.019014449322161897	0.038953177708596326	0.029424364939277154	0.019371495002916822	0.03863916056731559	0.018422557504814606	0.009229006300980891	0.03160436802860758	0.02905291140787124	0.019485896997951974	0.03588553421277765	0.020628746440859456	0.009874390563995361	0.03462150282297127	0.13241999999999998
MNAR	0.2868421052631579	lin	mae	19.256508482223794	14.846987879262674	23.204021266518886	19.1895566856434	16.725150286198385	23.011343476529955	19.16101713718639	16.684728298062268	23.00623664574216	19.486905763857877	16.75627428184398	23.324204788669746	19.159732790830304	16.81726013891085	23.044535407808688	19.510116896985036	16.83900431069995	22.846447071724814	0.13241999999999998
MNAR	0.2868421052631579	lin	mse	3596.1601174758052	902.3305518794882	6028.311569082303	3725.6041547015716	2307.2522358662122	5885.608191535659	3726.7655810413985	2306.1083714988467	5883.748888169992	3772.326615701733	2330.237508118825	5913.427375423078	3727.941201737471	2308.140547599729	5900.179827817923	3763.66230775023	2343.5055339221312	5905.668560533264	0.13241999999999998
MNAR	0.2868421052631579	lin	rmse	55.38109493315852	30.03817457278094	77.6421968604834	58.19362226441575	48.03280511112136	76.71771133640036	58.20246424063519	48.02087088118901	76.70559589204066	58.548103325160966	48.272343128197015	76.89881218112262	58.21297282167834	48.04194558605045	76.81260441540371	58.4796188619408	48.40937289096823	76.84830611489163	0.13241999999999998
MNAR	0.3131578947368421	lin	ev	0.037951044116548725	0.025315035297846122	0.04779328632173793	0.028540438081481777	0.02019268434372215	0.03359630520023782	0.028581833789911304	0.01925358031734764	0.03317169593721492	0.017528741999102537	0.008839304785362712	0.023760583394446172	0.028990382380061658	0.020780643745305832	0.03523299551217923	0.019726183938017144	0.012167143848429568	0.02913591964071699	0.13913999999999999
MNAR	0.3131578947368421	lin	mae	19.084110832217696	14.036624231606865	21.63665392386125	19.22570038665556	16.798753773021488	22.770456261033367	19.238955784073138	16.797190239695286	22.759777963913656	19.594895988528712	17.01946301014988	23.200317211329015	19.21445317995619	16.60949874192144	22.723392204476184	19.613271228300746	16.745944780308584	22.88579319710016	0.13913999999999999
MNAR	0.3131578947368421	lin	mse	3652.0037083013303	838.2251328548391	6081.504746191955	3725.024107800853	2293.267280402999	5912.722069741912	3724.7063102539128	2289.6273909789916	5906.666204793681	3768.311011259207	2318.241066485464	5968.428612353571	3722.9418765235755	2302.936926092779	5917.931795871808	3760.2527987842755	2324.8528389775743	5958.357182892898	0.13913999999999999
MNAR	0.3131578947368421	lin	rmse	55.558309005518666	28.92947631293308	77.98270804521363	58.208003149761474	47.88687854780187	76.89421659641638	58.20575491772083	47.84881189904399	76.8548018628201	58.53920453165294	48.14755843155067	77.25560433564577	58.19339956627798	47.98804064417439	76.92809029448455	58.477445260457756	48.216230491169085	77.19039155251878	0.13913999999999999
MNAR	0.3394736842105263	lin	ev	0.042642640044222	0.028197502469978653	0.05791805462281627	0.03215098989617988	0.021038254189339106	0.0408547621333962	0.03188228316151424	0.0214486411764154	0.041032976488353995	0.01971567757083193	0.0075169493453197955	0.03411652430940684	0.031075458170627214	0.02043231984544186	0.039906949130870534	0.021156871700764728	0.015531681690147264	0.03419465173657829	0.15326
MNAR	0.3394736842105263	lin	mae	19.413952995652814	14.635166662558433	22.27275735062835	19.35014828440723	16.973044334002736	22.294742389721375	19.35075965267516	16.9004387021052	22.305365354699752	19.546630030067686	16.698057248138195	23.37231019467183	19.272231469851615	16.989464607072815	22.38794287145517	19.559724510205935	16.857785732684103	23.901089456512675	0.15326
MNAR	0.3394736842105263	lin	mse	3574.0982816718233	882.0421077633657	5993.430335182277	3716.3602962055134	2292.491244912011	5884.729318463544	3717.064556535282	2289.7226541018927	5884.535750031041	3763.7177245692496	2314.093236117655	5946.901409494735	3720.5293647300905	2297.1869003922898	5901.622050263482	3764.4541212491104	2323.432667191333	5961.796837622236	0.15326
MNAR	0.3394736842105263	lin	rmse	54.57643252853607	29.692407877169384	77.41724788345925	58.11780764597613	47.87987364615909	76.71197953989375	58.123646416824	47.85090359178241	76.71072568757626	58.48879279795665	48.10468543242824	77.11615399578096	58.15114221477958	47.92874311753923	76.82201516927026	58.47481529450612	48.20176982885306	77.21267270205946	0.15326
MNAR	0.3657894736842105	lin	ev	0.04094887097584812	0.02626160748858511	0.051138991374434645	0.02988779814443192	0.01845114200022263	0.03962798496418288	0.029685046944318685	0.01923164347635517	0.039272926607061664	0.009912166923835859	0.0009580915016242364	0.025960271240987765	0.02967754463146926	0.01817058433389565	0.03750770734063699	0.01984756402824634	0.012125402460997387	0.028272204184813077	0.16442000000000004
MNAR	0.3657894736842105	lin	mae	19.34871114155111	13.214178397616083	23.277535535457545	19.303731790151645	16.75354427346135	23.161329295547716	19.28275405082136	16.690835689396405	23.143058754924127	19.716758635757138	17.064718608626603	23.736503366119624	19.256406888565806	16.505294901288583	23.07768381216964	19.556641143751552	16.98519048044448	23.133460993066308	0.16442000000000004
MNAR	0.3657894736842105	lin	mse	3669.2551935159445	807.1011866887202	6439.564033422153	3720.004767209024	2272.7275100165357	5884.783489541413	3720.944887393789	2267.7535801460126	5885.1161923992395	3789.044866128652	2356.227709276634	5938.444232876931	3722.6249752399785	2280.438771908466	5892.128375506387	3752.86286119966	2292.2890147437593	5922.735922430645	0.16442000000000004
MNAR	0.3657894736842105	lin	rmse	54.71949074193809	28.409496348075223	80.24686369306707	58.1651083065909	47.672643194485445	76.71233385456267	58.17147685519223	47.62020699571204	76.71450967104894	58.728143571564594	48.54082839783393	77.06129387116269	58.18220294734927	47.753514205381194	76.76019770949469	58.44414527791473	47.87738654645112	76.95931317316473	0.16442000000000004
MNAR	0.3921052631578947	lin	ev	0.045293567648285855	0.023157978458147377	0.06135963187868021	0.02472909354699831	0.016889130925094503	0.031242182908755106	0.024625055432884704	0.01660152096371506	0.030164366390535047	0.003426419735235975	-0.005063468175868779	0.021069383729240415	0.024537923378021072	0.016314972271809947	0.03304122121075839	0.012061920811451904	0.005837071108699382	0.023820805451251065	0.17559999999999998
MNAR	0.3921052631578947	lin	mae	18.146887596019447	12.264461523794104	22.72777887751692	19.13325857513727	15.77640531794046	23.057989862442906	19.13863693000779	15.753791178283578	23.042010996488184	19.920384349433615	16.530004427964656	23.883325604477943	19.119472124429	15.699450574302057	23.004966446347595	19.53792155641956	16.40245248126135	23.224911736349746	0.17559999999999998
MNAR	0.3921052631578947	lin	mse	3241.630959850578	637.5234747961266	6482.231189486454	3732.4797559980093	2361.9133849524287	5897.314384789145	3734.0456946295476	2361.5768133744364	5903.358521413522	3815.854679376716	2395.209001975749	5952.358797405343	3732.66217293818	2364.6079780042837	5886.813853410752	3769.981632727622	2407.0093122890094	5919.229772235931	0.17559999999999998
MNAR	0.3921052631578947	lin	rmse	50.01557329918024	25.2485801530003	80.51202793596035	58.29155681090521	48.59876940854885	76.79397334200189	58.299974475048714	48.59525073508074	76.83331644819319	58.926889051326825	48.939421616872536	77.15153018819225	58.29554374483326	48.62678225431181	76.72555971105518	58.622846954784336	49.060524681063654	76.93646589049722	0.17559999999999998
MNAR	0.4184210526315789	lin	ev	0.04916680198005799	0.03423795784781236	0.06207986810560384	0.030708072509196046	0.023096583271166538	0.03818657408840384	0.03036683262531538	0.022584192459654262	0.03830153997981123	0.012141952639729255	0.002372616688876089	0.02579521433688664	0.029703022679083597	0.02114616582519474	0.036585720307442615	0.01648095970256546	0.004706110437962097	0.02925537592889846	0.18738000000000002
MNAR	0.4184210526315789	lin	mae	19.129746955987923	13.316649288404149	25.008893614934674	19.29458596137439	16.96962274062825	22.899418956282517	19.25356019171644	16.79628611561608	22.677028121546336	19.805154307177002	16.550944656491964	24.057059316678114	19.205181718738526	16.60891556927337	22.65014153465993	19.722058423221714	16.888789894699094	22.860099976049597	0.18738000000000002
MNAR	0.4184210526315789	lin	mse	3316.2383313181426	775.6279917074219	6095.253896467614	3719.56005283391	2322.9181578697817	5923.458986208766	3720.8412970445493	2324.611076910367	5923.468019524649	3798.207435052204	2345.1493853999687	5952.919639167389	3723.381617073332	2333.5219972832383	5912.77945276047	3771.7546832422668	2346.7639322081127	5962.330112765592	0.18738000000000002
MNAR	0.4184210526315789	lin	rmse	50.66890730039336	27.8500980213447	77.62912142177812	58.15461127262373	48.19653358088114	76.9638712425228	58.16467664174759	48.213968746249236	76.96392464296034	58.740364309136474	48.42620123465618	77.15513073323373	58.185428579136335	48.306207004880285	76.89458881536295	58.56846183576044	48.442944229613005	77.21599921619281	0.18738000000000002
MNAR	0.44473684210526315	lin	ev	0.0430054366760259	0.02820381244789466	0.05112863565541262	0.02801945941785	0.02194222787984071	0.035334699871297004	0.02792678699754439	0.021854923163168782	0.03280556763130671	0.01097601728224968	0.003938824434440713	0.02013444776981313	0.026870955268871937	0.02107465221156271	0.032627791207461204	0.018145783095445858	0.009661496586550022	0.026576050842770288	0.20064
MNAR	0.44473684210526315	lin	mae	19.57506674461406	13.719674719542674	24.93022416504232	19.297956525826024	16.60485672533305	23.086085661383567	19.285760718082265	16.552861305446655	23.004056625355787	19.709454940149175	16.87875450454973	23.668740886816565	19.21452787226583	16.513416228780045	22.95341633836781	19.485884071289835	16.37017434774554	23.36316298082284	0.20064
MNAR	0.44473684210526315	lin	mse	3898.046240678703	809.3004816256584	7304.81289516146	3725.01382437793	2335.42466165894	5859.739251839057	3725.9384971058776	2344.973635278035	5876.180833457193	3795.684699991332	2386.7019732794743	5991.295819201369	3730.673242525727	2350.4991532146773	5907.9753820077385	3764.0026451336394	2367.3910159035113	5910.839700306568	0.20064
MNAR	0.44473684210526315	lin	rmse	55.63319042793552	28.42879954596749	85.46734167774922	58.215570988134786	48.32619886047101	76.54893095774244	58.220978691081044	48.424921744048994	76.6562420284614	58.746422974955784	48.853861227611475	77.40344858031939	58.25661862058466	48.481941307462705	76.86327846601525	58.5149799341083	48.655840594062326	76.88198280677011	0.20064
MNAR	0.47105263157894733	lin	ev	0.04672795973866581	0.036273789334146406	0.055779661105046785	0.028383985898830226	0.019662113780825885	0.03370760747005547	0.028424654338415064	0.019469088769671627	0.03405312362900109	0.011601903650358103	0.0022532157076076975	0.02155712445126573	0.028148694543371607	0.019397923956588292	0.03535079578778069	0.01730666940195876	0.010289558303438251	0.02668011205508375	0.21294000000000005
MNAR	0.47105263157894733	lin	mae	19.182951488979644	14.020577724423735	23.772764667987044	19.257068312379992	16.587578048017825	22.785147088023116	19.243984702597842	16.581561394668363	22.69888552610631	19.61268287350872	16.85378064494291	23.96570817851173	19.241505873813235	16.494260739428313	22.858281808267858	19.59828330158297	16.846502563885938	23.31430383673051	0.21294000000000005
MNAR	0.47105263157894733	lin	mse	3468.755987271373	849.8612825160011	7288.17027246109	3726.7231587086567	2330.19961445071	5937.810132990515	3727.2052078443703	2329.192847221784	5951.563143881606	3792.0139211177097	2360.3848319693734	6081.371004393781	3727.72211510068	2330.719250184611	5931.9926188098025	3765.453077231493	2350.9183321535997	5978.626348581289	0.21294000000000005
MNAR	0.47105263157894733	lin	rmse	52.07808365646345	29.152339697896043	85.36901068218049	58.21540968051281	48.272136295310936	77.05718406479143	58.21704011575542	48.261710726587324	77.14636845159347	58.723288877252955	48.58378246161139	77.98032485611833	58.22523076150278	48.277522876346616	77.01941240808937	58.534720814973234	48.48604400271824	77.32152623648315	0.21294000000000005
MNAR	0.4973684210526315	lin	ev	0.05350136654983215	0.02952570286734915	0.06990841210725401	0.02862530126322273	0.01716544058345995	0.034285038007834945	0.028575534046176486	0.017041482803194452	0.03441720639817955	0.009608347713293582	0.0004955839791892513	0.020422641527813756	0.02770130559914326	0.016807113871805807	0.0349590111162236	0.012215960076791878	0.0014270936412346114	0.02548806100746412	0.22368
MNAR	0.4973684210526315	lin	mae	18.374755093532407	12.61098480242359	24.478709188591502	19.235113805320978	16.616027259395537	22.47073972178017	19.23050625468871	16.734544647236085	22.595240037504862	19.593847322535375	16.911977852501362	22.837664806560973	19.16608866413567	16.69372011837386	22.617425181616248	19.71699977659263	16.8183406259532	23.155759721285015	0.22368
MNAR	0.4973684210526315	lin	mse	3220.53689569302	611.2632632777248	4264.042639643953	3724.607396458463	2301.845470540985	5914.002805633435	3724.5848861121553	2297.709405140215	5920.4068733624545	3797.1818695249326	2351.6934251200237	5957.29897714525	3728.1317852239417	2307.167433309872	5923.819027727597	3792.2047175483203	2357.2488092852873	6030.987185494701	0.22368
MNAR	0.4973684210526315	lin	rmse	49.01710593603505	24.722100128751578	65.29727588076284	58.202151841506414	47.977428776041165	76.90255305800706	58.20263019360725	47.934316591253	76.94416569051137	58.76647982817907	48.49419158161838	77.1835408105264	58.23016225006517	48.032834972736566	76.96634068407873	58.716142771792036	48.55140625582179	77.65942126667596	0.22368
MNAR	0.5236842105263158	lin	ev	0.05623859957464359	0.038461817284657224	0.07264842351169523	0.031122523933506355	0.01921580833011488	0.03969211175253218	0.030796793219551057	0.019096366456870212	0.03824372062464343	0.012915929017168325	0.0008948399299591736	0.02532183374477054	0.029915825125550705	0.01802057913055441	0.03624189758932325	0.015336510672390802	0.004929103891548103	0.02583576742866081	0.23964
MNAR	0.5236842105263158	lin	mae	19.783296099693256	11.895317680153415	28.15934339791719	19.415211332336543	16.751640135362905	23.326901798503794	19.38440429990752	16.72909048010921	23.30281989162303	19.72633048250475	16.86186923149353	23.305550332061983	19.31347563071522	16.349869488581632	23.24218593550709	19.66376676547718	16.750445269608498	23.48819002596378	0.23964
MNAR	0.5236842105263158	lin	mse	3874.1812830572508	588.2920441185968	8413.237460077393	3711.634601008706	2313.9320941265396	5876.643009271954	3713.878557603865	2317.0878599718903	5906.068897635317	3779.1222790643515	2382.239304729598	6001.04829873876	3717.8953024108473	2325.1246866086694	5892.236689413059	3768.3662686852513	2365.380665989873	5963.831283309299	0.23964
MNAR	0.5236842105263158	lin	rmse	52.52107195584437	24.25346036890496	91.72369341783616	58.114454995382786	48.103339493154905	76.65926088766727	58.12933157530415	48.13613847078556	76.85094300296183	58.64806025254561	48.80811683133085	77.46624345364559	58.1594833688091	48.2195451784481	76.76088060791632	58.569810085936226	48.63517863668976	77.22565188932495	0.23964
MNAR	0.55	lin	ev	0.06571338959860631	0.04343864004137646	0.08257541852704747	0.02755158857512361	0.01832279374416515	0.033987144753745924	0.026959789460696024	0.01744892074393914	0.03349534533559817	0.004368668965194169	-0.01180157669328219	0.018417426580355556	0.02587077923449769	0.018983725366035487	0.030520570923481705	0.013276448335101422	0.0024594798918455008	0.023687228490276768	0.2488200000000001
MNAR	0.55	lin	mae	18.1925970489821	11.600462092084971	24.87177271950068	19.273994717799045	16.85500621955373	22.91136594287335	19.242907485068745	16.819193925113183	22.828520979439922	19.79213600538831	16.701736725616968	23.442567852472042	19.152602925871324	16.31790419664127	22.272823860580694	19.40379316200242	16.28927457255129	22.818913593658944	0.2488200000000001
MNAR	0.55	lin	mse	3118.5809711332595	636.7727274001203	4384.116133863627	3725.0386464011053	2317.7920933345913	5845.274863234139	3728.115655263238	2315.3300537403356	5845.943935707191	3812.6536505541417	2411.2312776902736	5977.912216884778	3734.0040761239406	2329.477836951311	5884.539872085758	3778.0929540938123	2381.6828932315843	5952.220311718157	0.2488200000000001
MNAR	0.55	lin	rmse	46.99299906367352	25.23415053199988	66.2122601956581	58.22133308289826	48.14292046949847	76.45422312767823	58.243199471786866	48.11729266988624	76.45869939035384	58.90624770964964	49.10365785777484	77.31688084815423	58.28506068987046	48.2645268551458	76.71063097438079	58.64017042540094	48.80232390114747	77.15060566932202	0.2488200000000001
