missing_type	missing_rows_proportion	model	evaluation_metric	drop	drop_lower	drop_upper	mean	mean_lower	mean_upper	median	median_lower	median_upper	random	random_lower	random_upper	regression	regression_lower	regression_upper	stochastic	stochastic_lower	stochastic_upper	missing_cells_proportion
MAR	0.05	lin	ev	0.9999862547409754	0.9999861442301757	0.9999863665017296	0.9812845790771254	0.9793615993529343	0.9817186607579411	0.9813371645695013	0.979420699525837	0.9817653277411046	0.9696374565603604	0.9666775596415085	0.9700430081569502	0.9595575240633378	0.9580545453045294	0.9607638468372853	0.9594421560818533	0.9578873421337635	0.9606089044807866	0.0246
MAR	0.05	lin	mae	0.0799604179108926	0.07973612099527112	0.08047139815476098	1.3391712189843206	1.3293294681146448	1.3977072160757735	1.334131185744798	1.3230354554148098	1.388198898081537	1.8434603108872984	1.811077867957647	1.9391082256334782	3.027010217430086	2.8371171653835057	3.2235180331798023	3.0335813625364194	2.8401205048030485	3.2342591037739155	0.0246
MAR	0.05	lin	mse	0.009936000278450775	0.009898704038101632	0.010019530262267236	13.50848107222138	13.184877837562691	14.747875406963818	13.47057994002569	13.151220649546458	14.705643356069734	21.916650087867147	21.76289618648588	24.223890226947987	29.186128970943436	28.502186062651106	30.220712513743692	29.269073444946184	28.61474801287085	30.134846428941728	0.0246
MAR	0.05	lin	rmse	0.09967819748820629	0.09949223104394449	0.10009760367894546	3.66767917369667	3.631098709421529	3.840296265519604	3.662385379616608	3.62646117441597	3.834793782730661	4.669768766560668	4.665071937975434	4.921777141129816	5.398285079583493	5.338743865615872	5.49733685649185	5.406091758567046	5.349275466160894	5.489521511838872	0.0246
MAR	0.07631578947368421	lin	ev	0.9999861987005023	0.9999861070856347	0.9999863360680561	0.9716269200469334	0.9708253472208628	0.9724312416429738	0.9717605882080861	0.9710117853131991	0.9727045175225171	0.9549205014162542	0.9546686503882785	0.9560587202180713	0.9419347158234365	0.9381808661625735	0.9469508388654843	0.941908272384383	0.9379668472264523	0.947167636656878	0.03660000000000001
MAR	0.07631578947368421	lin	mae	0.08010144149771783	0.07995154685934963	0.08039999507346338	1.7457814789117532	1.7176160900129167	1.737304751259931	1.7400448460140823	1.7071433487132175	1.7305527105473681	2.3683392711908167	2.356140142609589	2.4044345912547844	3.7682567464655725	3.488726172095028	3.9482959359415823	3.775293988999028	3.501538890453863	3.9481969707285165	0.03660000000000001
MAR	0.07631578947368421	lin	mse	0.009971064504944763	0.009961070271858767	0.010007171798414942	20.474372443781405	19.82961893144711	20.935798422824195	20.37816942201404	19.633057429317695	20.891115760801572	32.526239099250674	31.66393429302142	32.948206520167204	41.9190946552646	37.90809337578293	44.93198330780072	41.93869831949113	37.75317320516664	45.087541781991426	0.03660000000000001
MAR	0.07631578947368421	lin	rmse	0.09985439959658522	0.09980516154918426	0.1000358525650426	4.524092106464141	4.4530460284446995	4.575565366468301	4.513464042603676	4.430920607426598	4.570680010764435	5.701159728649004	5.627071555704745	5.740052832524036	6.467795506846997	6.156954878491716	6.703132350461292	6.46915091559472	6.144361090070036	6.714725741382996	0.03660000000000001
MAR	0.10263157894736842	lin	ev	0.9999861834875847	0.9999861390399558	0.9999861824810775	0.9618243531735811	0.9603625283189652	0.9623201175097355	0.9619109239118295	0.9604206005866023	0.9622833025969106	0.9397042916038985	0.9377685958377202	0.9411070092656999	0.9279917785907742	0.9243766183100419	0.9280030890728033	0.9279374729206854	0.9240534699908708	0.9279765101028928	0.0506
MAR	0.10263157894736842	lin	mae	0.08011513516727167	0.08012278059752945	0.08037545810394613	2.188211906898586	2.1140044810147955	2.2639987865303968	2.1842648796793	2.1086584221029296	2.260959750766872	2.9314371362889853	2.8909652852776655	3.001490647809415	4.319604241938434	4.24941159669097	4.489635347682529	4.321221785116756	4.24568363039611	4.497935537455604	0.0506
MAR	0.10263157894736842	lin	mse	0.009972360141330985	0.009954022224373148	0.010058416791704222	27.548555546424232	27.386858178000946	28.793714516832416	27.486348188336574	27.413616350525214	28.751529275827565	43.51675067931173	42.474903184493144	45.207560267203014	51.97238152459259	52.04626594826829	54.96532081327029	52.01242601701574	51.76144034912307	55.20021038181522	0.0506
MAR	0.10263157894736842	lin	rmse	0.099859566121594	0.09976984626816435	0.10029165863472506	5.2448425405451635	5.233245472744513	5.365977498725877	5.238875672082384	5.235801404801868	5.362045251191709	6.5929920589319995	6.51727728307559	6.723656763042192	7.204975556593797	7.214309804012321	7.413860048130817	7.207694854001881	7.194542400258898	7.429684406609423	0.0506
MAR	0.12894736842105264	lin	ev	0.9999862807616389	0.9999860962094397	0.9999864517912426	0.9520354745306221	0.950548225679251	0.9530438182053167	0.952151780924637	0.950668365495865	0.9531059270855177	0.9263809110537032	0.9245676719360356	0.9282027071964951	0.9132208411446742	0.9083181336515299	0.9168569486112728	0.9131825111667494	0.9082663174841406	0.9169698811075657	0.0636
MAR	0.12894736842105264	lin	mae	0.07982402185025698	0.07965075509806623	0.08047339659926268	2.5421874372315583	2.5437321189063815	2.6017993907388086	2.5366962120679224	2.5421712006203263	2.5931529357719345	3.3932868058491734	3.3116712941728133	3.4229689549058278	4.889996756837845	4.730460040998775	4.964595788714237	4.891664902267383	4.723341681552378	4.971097613086267	0.0636
MAR	0.12894736842105264	lin	mse	0.009900605919062059	0.009900373840939789	0.010009957143196089	34.62028657387592	33.86576401672631	35.92308519576336	34.53649834590465	33.82096981498674	35.83581243504025	53.131026580778986	51.71965705213033	53.90652465091672	62.62787666951319	59.41271243855205	66.22544400176766	62.65605556340601	59.332015286482324	66.19102456334016	0.0636
MAR	0.12894736842105264	lin	rmse	0.09949974848851803	0.09950062231433424	0.10004977332905901	5.883031885776928	5.819429870419121	5.993587005772366	5.875890409535792	5.815579920780621	5.986302066805538	7.2884609152616875	7.191637995069714	7.342106281641306	7.911029374639048	7.707964221410998	8.1379016952632	7.912849917617985	7.702727782187446	8.135786659158422	0.0636
MAR	0.15526315789473683	lin	ev	0.999986226043748	0.9999859766526814	0.9999864264889861	0.9457715009140728	0.9435042390066031	0.9459089098610429	0.9459489333158713	0.9439018146403753	0.9461088076401493	0.9178232891989762	0.9137524912350058	0.9175528987374162	0.9056432316819019	0.9018734468391808	0.9068735456595539	0.9055260304711619	0.9018387413907046	0.9068366851629579	0.0752
MAR	0.15526315789473683	lin	mae	0.08014855317536593	0.07981379954699551	0.08077991723345919	2.9252851396537034	2.9226763407479726	2.9458249184476744	2.917877852395801	2.9201728829092737	2.932522572472522	3.7947882580763745	3.7888530505804203	3.8312751142719197	5.241949722276305	5.11556085798451	5.292444192652471	5.243189332286411	5.115478685353796	5.289747189913084	0.0752
MAR	0.15526315789473683	lin	mse	0.00997247149147024	0.009900904990712039	0.010081594210490156	39.12209465701913	39.01160665198723	40.63619395668772	38.99490865234695	38.86743626257431	40.350226296772355	59.30011713902083	59.487398047866186	61.64137572845136	68.08674978326833	66.98386913523105	71.26007595251089	68.17114113707609	67.01038460759504	71.34655136210164	0.0752
MAR	0.15526315789473683	lin	rmse	0.0998597759189686	0.09950329135617594	0.10040714222847973	6.251483600298976	6.245927205146344	6.3746524577178105	6.241511554362267	6.23437537068264	6.352182797808353	7.696725352908345	7.712807403784058	7.851202183643684	8.24873776592221	8.184367363164428	8.441568334883684	8.253802759607048	8.185987088164447	8.446688780942603	0.0752
MAR	0.18157894736842106	lin	ev	0.9999862442758083	0.9999860047686386	0.9999863987305002	0.9354142144077485	0.9340840896269179	0.9357288825028799	0.9356303192053641	0.9346617295759962	0.936025416446538	0.9012946818704052	0.8987732321943646	0.9025530375874709	0.8838067542862309	0.880663588343366	0.8867138449058836	0.883744905912544	0.8800742404371404	0.8865250864645676	0.08859999999999998
MAR	0.18157894736842106	lin	mae	0.08009551112613167	0.07950675824058764	0.08050161737264835	3.2821343712266264	3.2412302347534587	3.3383091938521416	3.2741906244701533	3.2380045563503543	3.339824573897428	4.322827863707775	4.23273132791853	4.405206527830564	5.897838249740117	5.867731221767554	5.956279530036767	5.899008646053342	5.870802639843772	5.962770720166488	0.08859999999999998
MAR	0.18157894736842106	lin	mse	0.009963261462864545	0.009781886994598702	0.010059550677571773	46.60473019499961	46.35365174634374	47.190100199579355	46.44929892837111	46.1397853676253	46.99764227891598	71.22519626830804	70.78811218123124	72.81441416422406	83.84548447312888	82.33974359912618	86.68914597669428	83.89102997617329	82.47698238252033	87.11730369697057	0.08859999999999998
MAR	0.18157894736842106	lin	rmse	0.09981201656805276	0.09890342256261257	0.10029731141746409	6.826442224381813	6.808351617413994	6.8695050913133	6.815065445686372	6.792627280193232	6.85548264376156	8.438817829148736	8.413567149623947	8.53313624432565	9.154718272417007	9.074124949499328	9.310700616854474	9.157004336152166	9.08168389576076	9.333665073108772	0.08859999999999998
MAR	0.20789473684210524	lin	ev	0.9999862217092778	0.9999860158477423	0.9999864359819329	0.9240073072704241	0.9219895655001413	0.9269336708107347	0.9241233228890998	0.9225809959619536	0.9269969783762643	0.8853089171401501	0.8810539746376761	0.8907603433926572	0.8747030303872136	0.8716562617794944	0.8765023639963709	0.8744662547066403	0.8714960003709165	0.8762519168068282	0.1022
MAR	0.20789473684210524	lin	mae	0.07999363673312211	0.0797335745373177	0.08050515123069547	3.7058193380097384	3.6766764254088242	3.7848431862362166	3.7011707797796283	3.6705297182338046	3.7923017202734393	4.714639763278692	4.572534201206669	4.8171881232884015	6.166068932141685	6.090655378640178	6.263041887380629	6.170936002698327	6.092448728265143	6.268897414175102	0.1022
MAR	0.20789473684210524	lin	mse	0.009960821943344706	0.009974603093838965	0.010051911183587028	54.84738510827367	53.07732643490539	56.11123898928006	54.76459627727828	53.03133813415607	55.836177920652865	82.77949588460623	79.35471808391935	85.55580602356201	90.40535629594797	89.76175133836054	91.71240993468696	90.57635093140973	89.94389616604713	91.82693555847655	0.1022
MAR	0.20789473684210524	lin	rmse	0.09979907367083421	0.09987293474129498	0.1002592199430408	7.404179546613212	7.285418754945071	7.490743553832294	7.398467362991026	7.2822618831072035	7.47236093351043	9.095851351034302	8.90812651930356	9.249638156358444	9.506640195991384	9.474267852365191	9.576659643878285	9.51562043877099	9.483875587862123	9.582637192259579	0.1022
MAR	0.23421052631578948	lin	ev	0.9999861974860392	0.9999861823385052	0.9999862380610488	0.9153735758944492	0.9147835543517662	0.9160525502195568	0.9156163853861166	0.9149734216493298	0.9164695191997139	0.8724017635641041	0.8715359204776694	0.8737321456499464	0.8620604527534239	0.8588366782222036	0.863641122869949	0.8620102168688082	0.8588199857623001	0.8637472882663692	0.11440000000000002
MAR	0.23421052631578948	lin	mae	0.08010889534171907	0.07980268151396869	0.08063658197276329	4.038903846682382	3.9853418938684104	4.07351578271818	4.0273652385931396	3.969141237245442	4.063599746478545	5.143036085522984	5.129771122337789	5.163206933129947	6.508577078613163	6.473893494862544	6.538454577852937	6.505085059901079	6.470689366239126	6.540187556130346	0.11440000000000002
MAR	0.23421052631578948	lin	mse	0.009977285951392008	0.00984233208799984	0.010123739419840813	61.077273074966534	59.98752283502892	61.845624705667944	60.90304906989913	59.689563382012864	61.76556978894485	92.09859895259976	90.8313158221414	92.65668022629986	99.54345224772365	99.10968353569153	102.54479448704107	99.5798278967952	99.0325200657688	102.55702872261882	0.11440000000000002
MAR	0.23421052631578948	lin	rmse	0.09988394030249803	0.09920852830276156	0.10061679491934143	7.8146107467970225	7.745161253003641	7.8641989233276615	7.803284434936484	7.7259021079750205	7.859107442257349	9.596207935511842	9.530546459786102	9.625834001596944	9.97548447425512	9.955384650313192	10.12644036604379	9.977462272168367	9.951508431678526	10.127044421874471	0.11440000000000002
MAR	0.26052631578947366	lin	ev	0.999986164014057	0.999985973932454	0.999986288464327	0.9042091303420726	0.902329872976274	0.9051930556097842	0.9043574804528586	0.9026857978105972	0.9056789601923912	0.8540466124402786	0.8512523041307972	0.8587044034298587	0.849260116426095	0.8457312024189375	0.8531921687912349	0.8491380317882031	0.8456564448270699	0.8530566916398044	0.12840000000000001
MAR	0.26052631578947366	lin	mae	0.07992234672761325	0.07967441206736224	0.07979433552882563	4.5235030480299425	4.479328456384681	4.579986083214085	4.515560391730832	4.462059814302171	4.580350067789453	5.622507815394079	5.506322106557872	5.670368863128767	6.919377823603467	6.895683340516626	6.92824744729419	6.919827403310511	6.890305630392975	6.9342528646653685	0.12840000000000001
MAR	0.26052631578947366	lin	mse	0.009929464230461324	0.009857145212553877	0.009903598086159324	69.1342047936964	68.19260972751562	70.95018009661575	69.02735604599044	67.84310894168553	70.69162682279894	105.31939307798002	102.64182789380202	106.99761286808233	108.78022040490305	106.7042938303527	110.96225043683806	108.86811499825203	106.80292311987549	110.91133566045241	0.12840000000000001
MAR	0.26052631578947366	lin	rmse	0.09964516578991175	0.09928315674148298	0.0995168231313647	8.313240693520509	8.257881673136012	8.423192987021949	8.306759225970447	8.236692840071525	8.407831279396545	10.260639008382611	10.131230324782969	10.343965045768588	10.428016118311934	10.329777046497794	10.533862085523907	10.432305692585828	10.33454997181181	10.531445088896984	0.12840000000000001
MAR	0.2868421052631579	lin	ev	0.9999862800326286	0.999986262044163	0.9999863561640138	0.9012111552320894	0.9030177873826312	0.903299110786266	0.901385711031174	0.9031317041026827	0.9037516086431657	0.8496259791777728	0.848593651433244	0.8524996417129449	0.844062454352524	0.8413758836783436	0.8490345411081025	0.8439667480019182	0.8410395735048425	0.8489250331647056	0.14
MAR	0.2868421052631579	lin	mae	0.0800409148904658	0.08012325999570959	0.0805517423343557	4.711042729535492	4.660213921888444	4.741721298620005	4.705148880906092	4.649408138040507	4.736807297507253	5.934264263550048	5.885247249743559	5.9827718401790335	7.148028784326334	7.148192174033228	7.170847391380814	7.148708878506438	7.1520316671264785	7.173361490788678	0.14
MAR	0.2868421052631579	lin	mse	0.009929138921298281	0.009953322134819413	0.010005750857098213	71.2754949123253	69.57958783582954	70.24609995183741	71.15036379953938	69.62415431662795	70.11595236367197	108.50557415212252	106.44627596982394	109.98676833829781	112.5143950642748	109.72618116623538	114.20787772651789	112.58364414008489	109.80578269944112	114.33684309524814	0.14
MAR	0.2868421052631579	lin	rmse	0.09964278542330365	0.09976633768370678	0.10002875015263468	8.440712398977322	8.34143799568333	8.381294646523138	8.43336643863815	8.344108958818069	8.373526877228732	10.414469210649543	10.31728045416155	10.487457668009812	10.606522181156688	10.475026547280699	10.686808584723407	10.60978834898104	10.47882544464985	10.692840740198468	0.14
MAR	0.3131578947368421	lin	ev	0.9999862689575159	0.9999860591009251	0.9999864152681889	0.8908915584486939	0.890407105914653	0.8928475582585209	0.8910219518172473	0.8906577450049498	0.8934438141008298	0.836330058607303	0.8377899680774517	0.838548057824138	0.8297032036095292	0.824017968140082	0.8350263621954822	0.8295254467442247	0.8235446764431068	0.8352131743942273	0.1528
MAR	0.3131578947368421	lin	mae	0.08009423132185331	0.0800104996016035	0.08033628480064157	5.046138339661149	5.012770671384171	5.076559888638033	5.042119494362838	5.000987063670877	5.069780728471256	6.258339584646104	6.181511394554381	6.286576152156324	7.513230674940997	7.459180219632228	7.511546980106853	7.514568012895822	7.468300607782919	7.519876839644662	0.1528
MAR	0.3131578947368421	lin	mse	0.009950349216291315	0.00990605634031131	0.010049069864294245	78.74480444188478	77.07246223390712	79.04064911480245	78.65095578506448	76.6435881444209	78.8598830482072	118.1488665687923	115.61432415680207	116.68074685015658	122.88229692272924	118.66201332075646	127.83803231049826	123.01049644566072	118.52769314990623	128.18184463697483	0.1528
MAR	0.3131578947368421	lin	rmse	0.09974882223528941	0.09952917331270923	0.10024504907622243	8.871265495972061	8.779092335424382	8.890480814601787	8.866054501831794	8.754632382026152	8.880308724825236	10.867074526969933	10.752410155718673	10.801886263526226	11.082130539172601	10.893209505042876	11.306548204934089	11.087869910495746	10.887042442734677	11.321742120229326	0.1528
MAR	0.3394736842105263	lin	ev	0.9999863385826625	0.9999862006589609	0.9999863451551436	0.8818177047462102	0.8798135839582477	0.8850003030975747	0.882159763532486	0.880299577202535	0.8853368726390648	0.8204005754249186	0.8198766198396334	0.8215069151924267	0.8196942931091675	0.8156732097282854	0.8247490892181208	0.8194980413192644	0.8152747507427694	0.824155583239548	0.16560000000000002
MAR	0.3394736842105263	lin	mae	0.07981608106930756	0.07937016802663265	0.08044682539089892	5.4621480611207005	5.420916730507603	5.528136403698151	5.452724532408247	5.404431102610913	5.509286089777335	6.7228194650300095	6.685155092203415	6.801610529917123	7.791315823069622	7.6779499481301645	7.921616962977464	7.79577832152489	7.693474367039261	7.917413462333629	0.16560000000000002
MAR	0.3394736842105263	lin	mse	0.009880502520602196	0.009836290540675464	0.010066224066792149	85.29414101223377	82.77929490254763	87.30661178783643	85.04852383380072	82.69740562817518	86.95357335880324	129.63834166834843	128.3878836706871	130.85073147180702	130.11540062831867	125.23153520307085	132.9402720305782	130.25602270647647	125.65564589097204	133.22765062823922	0.16560000000000002
MAR	0.3394736842105263	lin	rmse	0.0993966085170441	0.09917807489901921	0.10033057393831726	9.23460913776531	9.098312750315172	9.343800714261645	9.22131340548921	9.09381139171993	9.324889991780237	11.384248655287934	11.330837730313108	11.439000457723875	11.405158408634179	11.190689666105072	11.529972767989445	11.411337621917786	11.209622914753735	11.542428281269034	0.16560000000000002
MAR	0.3657894736842105	lin	ev	0.9999861384275157	0.9999859927608524	0.9999863185265169	0.8738527264178841	0.871765795184569	0.8758750873128116	0.8741091606993857	0.8723489080803543	0.8764688723575305	0.8104640146201483	0.8095254666903273	0.810814004431538	0.8089743295366814	0.8073226463278855	0.8109315230369368	0.8085982270575597	0.8067035203807131	0.8106927863750311	0.18000000000000002
MAR	0.3657894736842105	lin	mae	0.08011356717539317	0.07941370467568595	0.08084210843645637	5.811390170053753	5.801614413803114	5.829170166126987	5.80314929044866	5.796563749749287	5.839237129342347	7.03981320104012	6.95372709995094	7.1486929042277385	8.142703128229435	8.136809627880599	8.16763518808479	8.149050414544089	8.1378363306778	8.173123808788912	0.18000000000000002
MAR	0.3657894736842105	lin	mse	0.009981474984285676	0.009851070217281398	0.010061694230741014	91.03181569976212	89.52143979766755	92.23612404071376	90.84761186425752	89.09318981156274	91.70990976599712	136.78068282334738	136.11285236785244	136.70775336887584	137.8539590606061	136.12039931502002	138.588704306443	138.1253032641069	136.36227017670936	139.03403678470994	0.18000000000000002
MAR	0.3657894736842105	lin	rmse	0.09990538439610035	0.09925255773672231	0.10030799684342727	9.54059720326369	9.461577024876327	9.603963975396502	9.530895349252939	9.438918889976899	9.576529108502575	11.694705736689428	11.666741291716914	11.692209088486052	11.74075105388076	11.667064725757719	11.77237037755961	11.752281481597144	11.677425665646918	11.791269515396124	0.18000000000000002
MAR	0.3921052631578947	lin	ev	0.9999864241457577	0.9999861607755235	0.9999866983832288	0.8650218280645172	0.8621229326341387	0.866605245613976	0.8654331885369644	0.8633703223577265	0.8670251719259524	0.7984880374441322	0.7940088641225067	0.8036236118964941	0.8027269690205212	0.8014155003596604	0.8039041992289323	0.8024247943514204	0.8008986690258744	0.8041709983500951	0.192
MAR	0.3921052631578947	lin	mae	0.07965537922624533	0.07904654564276584	0.0801166922091811	6.1045214333455196	6.015695349679161	6.180469566562271	6.0911212300638695	6.002544588620444	6.173400892139558	7.395106316700724	7.313958970906044	7.439930960777936	8.337253521587161	8.315378335214735	8.361508228706208	8.34310308790103	8.310365938787246	8.368035718425826	0.192
MAR	0.3921052631578947	lin	mse	0.009879449027917491	0.009814572713675503	0.009930523225146403	97.41616510378518	96.207040275531	99.17202907158432	97.1209942556977	95.90418078307928	98.27480829154716	145.4556887541694	140.33443326717847	149.66057323946043	142.36421280914286	141.89216017732895	143.09872944778238	142.58340858920192	142.18589836801476	143.52900767606297	0.192
MAR	0.3921052631578947	lin	rmse	0.09939228452065554	0.09906852534319617	0.09965201064276828	9.869250348676792	9.808518760522967	9.958515404998092	9.85419151312001	9.793067996449288	9.913365134582058	12.05861444866341	11.846283521306523	12.23358382647785	11.931525779934844	11.911849569958855	11.962388116416486	11.94067277865329	11.924172858861732	11.980359246536098	0.192
MAR	0.4184210526315789	lin	ev	0.9999863667317479	0.9999862492066783	0.999986595169062	0.8566003375619854	0.8518606007869385	0.8608245629756808	0.8569713400667339	0.8515115280284515	0.8615785787767984	0.7831497996789427	0.7793208306501025	0.7862258943200773	0.7912799176644137	0.7893032107119966	0.7962709786764987	0.7909524180179723	0.7890082850786976	0.7961175992509726	0.2044
MAR	0.4184210526315789	lin	mae	0.07991110351951633	0.07955994990089442	0.08060056989759382	6.409424511790554	6.301211620583505	6.5157993286365095	6.395373560259735	6.2777106742931235	6.525342273875837	7.812226591476099	7.7703791770313755	7.897463452411837	8.648112338368284	8.56698044866782	8.696846351492345	8.655897500815083	8.575359067776086	8.695786296103321	0.2044
MAR	0.4184210526315789	lin	mse	0.009901839978168916	0.009759198400554276	0.00998579391716885	103.47647873099008	100.10591862968307	107.67211702081656	103.20990231363308	99.56357117207104	107.33974754625902	156.4968664339818	155.30213993591136	159.08109327946633	150.5957809105286	146.5379327499558	151.95885764965124	150.83196572392615	146.64829549047658	152.17157223407494	0.2044
MAR	0.4184210526315789	lin	rmse	0.09950392792587377	0.0987886552219144	0.09992894434131108	10.170707941409674	10.00529452988182	10.376517576760353	10.157449570997887	9.978154697742015	10.360489734865771	12.509149024253942	12.462027922289026	12.61273536071642	12.269768446049468	12.105285322946989	12.3271593503796	12.279364436872282	12.10984291766316	12.335784216419926	0.2044
MAR	0.44473684210526315	lin	ev	0.999986492935151	0.9999862068401649	0.9999866192694331	0.8475005470844552	0.8457229885232885	0.8475031191291851	0.8477237908533084	0.8455952031999612	0.8476494722855756	0.7706291522049453	0.7675794864490486	0.7711505127945993	0.7808272373623281	0.7773321709382357	0.7828871182950601	0.7805432188636863	0.7766854397406493	0.7826548954008316	0.21880000000000002
MAR	0.44473684210526315	lin	mae	0.07949964040819593	0.07920566761513104	0.08023133914578931	6.786368567214387	6.713154503656458	6.830885752868579	6.780127554772929	6.708017853734106	6.815813547339341	8.212906165861979	8.159462810268522	8.253581290500133	8.882925996938278	8.862338515862152	8.940085974505193	8.89010896408825	8.871361936552724	8.940943266111473	0.21880000000000002
MAR	0.44473684210526315	lin	mse	0.009752968969590376	0.009688427994564193	0.009930916832683935	110.05377265432018	109.64013639867674	111.4464075667295	109.89406529798188	109.2384935182489	111.06007176967974	165.5253452327242	165.12101591944565	166.3437412088743	158.15509138786393	157.30600998137024	159.1149167175854	158.35964018804265	157.14231228041652	159.5771506816968	0.21880000000000002
MAR	0.44473684210526315	lin	rmse	0.09875339149120435	0.09842981252935613	0.09965398553336408	10.490186947322922	10.470918603383216	10.556818060700369	10.482517061627483	10.451722036021094	10.538504247267719	12.86534078102677	12.849942253545175	12.897431574110959	12.57569962054129	12.542169269363663	12.61407613412831	12.58381265325763	12.535641678048098	12.632384995783527	0.21880000000000002
MAR	0.47105263157894733	lin	ev	0.9999866048425229	0.999986445507471	0.999986734308733	0.8440740928928584	0.84391841933385	0.8449794771818663	0.8441251266707355	0.8433882069665208	0.8460763982373724	0.7628101325941256	0.755380733459265	0.7664611275159022	0.7732375650247825	0.7660522527155326	0.7779469262523617	0.7727940628509505	0.7654322574637693	0.7779537717193897	0.23000000000000004
MAR	0.47105263157894733	lin	mae	0.0789967659875393	0.07889226074023899	0.07925692599648622	7.0047575449151225	6.965537924082686	7.031224357023546	7.002964722106215	6.935676066594959	7.046193945837874	8.486695332218313	8.422991996890147	8.544815170141764	9.165237037385777	9.018339522143863	9.262890483299243	9.172395438051044	9.022294890347627	9.278256035920943	0.23000000000000004
MAR	0.47105263157894733	lin	mse	0.009737783716817053	0.00971337327753547	0.009827076160277927	112.51771930370141	111.50295034066507	113.38181484434548	112.4828691290633	110.71395845909842	113.83010459012227	171.1587608078612	169.74302245633746	175.81983912982147	163.6425720531555	159.74907044793355	167.17536827068668	163.96297051624623	159.71318742111634	167.618460680893	0.23000000000000004
MAR	0.47105263157894733	lin	rmse	0.09867839518139296	0.09855644716372171	0.09913161029801708	10.606667509132626	10.559495742726783	10.648089727474384	10.604900463995383	10.522070065300763	10.669119204045021	13.081211371935908	13.028546444494008	13.259707354607094	12.790643160504334	12.639187887199618	12.92963140505895	12.803186316285828	12.637768292745216	12.946754832037756	0.23000000000000004
MAR	0.4973684210526315	lin	ev	0.9999861967460031	0.999986159407082	0.9999863035873608	0.8347032028355269	0.8294261692110605	0.8382416930793678	0.8349241933227736	0.8287179199036216	0.8383419654939486	0.7505223646609902	0.7488019548073495	0.7518630868530302	0.7610230187624264	0.7510072309839821	0.769090137875124	0.7609201561133345	0.7508603579121449	0.7685629864055585	0.2432
MAR	0.4973684210526315	lin	mae	0.08004999359603886	0.07952394357349506	0.08035023511744376	7.317412109923131	7.216011480473354	7.417132398868121	7.311085009529935	7.215608021402244	7.434556701362735	8.83999937458379	8.777851414743607	8.884718485707642	9.451098607667348	9.339809878048609	9.643786204430652	9.454634071375793	9.345424168506902	9.64877990349654	0.2432
MAR	0.4973684210526315	lin	mse	0.00998389871535544	0.009820133222264998	0.010119920461079806	119.30103804016423	117.50553990120814	123.97812848545905	119.14321022804124	117.4326993501612	124.16594649303872	180.0352706594056	179.3436350956531	180.25401931260046	172.47408744670182	167.73907030821087	179.5787058291537	172.54963945073214	168.12210873206533	179.6846364767131	0.2432
MAR	0.4973684210526315	lin	rmse	0.09991586927104315	0.09909658532091305	0.10059781538920119	10.920268542990552	10.83999722791515	11.13454662235778	10.91289694688746	10.836636902201771	11.142977451876977	13.417649088339735	13.391924249175437	13.425871268286482	13.129239713112502	12.951411904043932	13.400697960522567	13.132067373769393	12.966190987798434	13.40464980805963	0.2432
MAR	0.5236842105263158	lin	ev	0.999986409429168	0.9999863160843119	0.9999864725417842	0.8257726705320765	0.8237863978791061	0.8283738451859202	0.8261392910061245	0.8248377161014682	0.8290089740133326	0.7327293099159633	0.7307318680865604	0.7348690578241455	0.7459950207957262	0.7407387922400153	0.755331330301646	0.7457025526095716	0.740367283604821	0.7548120949326995	0.2582
MAR	0.5236842105263158	lin	mae	0.0797942300754605	0.0795370606499408	0.08005446204019206	7.685107097604271	7.609961931285666	7.716488184388951	7.675238672328123	7.62617681521173	7.7181490643062824	9.355900380808155	9.282346998114255	9.422287587220007	9.801724961885208	9.66015429231082	10.000365385988003	9.805793689269413	9.672962384965789	10.002383201046388	0.2582
MAR	0.5236842105263158	lin	mse	0.00990626623683923	0.009882876511633111	0.009922896213745279	125.73223702618154	124.20833740763267	126.74667953279118	125.47025670112335	124.21243279137023	126.24788723014652	192.91789491823448	191.4403166685765	194.46493470872107	183.2585072007332	177.8324589881685	186.98451503323093	183.46947864447543	178.2099184208635	187.25245605735807	0.2582
MAR	0.5236842105263158	lin	rmse	0.09952926488178693	0.09941265770329809	0.09961373506572915	11.21258440214226	11.144879425441653	11.25818278110598	11.200873080576457	11.145063157800868	11.23600850970426	13.889338999914845	13.836195888631256	13.945068472715402	13.534793330705941	13.335383721069615	13.674228132996426	13.542578474825081	13.349528771490906	13.684021925492448	0.2582
MAR	0.55	lin	ev	0.9999862312131451	0.9999861041246958	0.9999863617814606	0.8166004956993815	0.810418702494846	0.819147577705323	0.8169876135025828	0.8101634626207845	0.8198602938922199	0.7147008233880868	0.7074864504453717	0.7198812101871472	0.7329093352292254	0.730322750164441	0.739631461045553	0.7327578466733662	0.7297936255166562	0.7396723286420906	0.2704
MAR	0.55	lin	mae	0.0799025833119147	0.07979311328075998	0.07992510841353177	7.967438745378679	7.835379273801667	8.084813381292765	7.9576779352265605	7.834356589142145	8.092982947027693	9.744219171044751	9.578737409729111	9.875721541493286	10.090160196442424	9.988037918288613	10.166986279508091	10.093261298898232	9.992005456504947	10.170457630921335	0.2704
MAR	0.55	lin	mse	0.00991239475834892	0.009875649558164598	0.009911053452274391	132.3581103228516	129.28300795338816	137.48447904157612	132.07942693834337	128.96357371245654	136.78745123975773	205.93136726529534	200.17587321622113	212.31803871919874	192.77016660005074	189.1386373012828	193.97308465859464	192.87903647137233	189.10906802895616	194.35376810839614	0.2704
MAR	0.55	lin	rmse	0.09956020420171754	0.09937630279983553	0.09955427390260245	11.502915727401591	11.37026859636078	11.725377564990225	11.490812056916184	11.35621300048817	11.695616753286581	14.34889524629393	14.148352314535469	14.57113718002815	13.882108430852162	13.75276835045522	13.927422039221568	13.886047067415205	13.75169327860959	13.941082027891383	0.2704
MCAR	0.05	lin	ev	0.9999862316122089	0.999986098673873	0.999986360354939	0.9814104135771977	0.9799590294089917	0.9833408079500298	0.9814070483029891	0.97998006411107	0.9833189326044645	0.9681678416647024	0.9660195924190011	0.9714873390428894	0.9564929695264519	0.9536451492918576	0.9579034926235318	0.9563962473979357	0.9534970644759571	0.9577640685336318	0.024399999999999998
MCAR	0.05	lin	mae	0.07987369250762615	0.07967184039150149	0.08047113415076888	1.3689291657280096	1.3868877731481128	1.4412614110139679	1.369740796549791	1.3862253569503313	1.4415260331310322	1.8363512851875718	1.7919174950080718	1.9524948993091724	3.272690731359789	3.1378816936977496	3.5665570402600437	3.275832626425209	3.140979937349816	3.5684621893144297	0.024399999999999998
MCAR	0.05	lin	mse	0.009916808167493818	0.009876308452956076	0.010008634742243673	13.418619625503212	12.014951921356891	14.320961316972893	13.42104904761668	12.030728870469565	14.30593025081726	22.97336758821275	20.50858851262639	24.69058513599963	31.39466058378843	30.36086688166943	33.673397448285336	31.46467657024214	30.461425601702842	33.78099638760766	0.024399999999999998
MCAR	0.05	lin	rmse	0.09958080993330783	0.09937961789499936	0.10004316439539322	3.6563852161613624	3.466259067259239	3.784304601505129	3.6568090331762066	3.4685341097457245	3.782318105450315	4.785606804603738	4.52864091230762	4.968962178966512	5.593110761426959	5.510069589548705	5.802878376141045	5.5996639237976265	5.519187041739285	5.812142151359312	0.024399999999999998
MCAR	0.07631578947368421	lin	ev	0.99998616135446	0.9999861194299764	0.9999862590807761	0.9716009581507287	0.9697237739905546	0.9714449658844556	0.9715935890668023	0.9697149960806749	0.9714520700298928	0.9543377998768481	0.9534453671507414	0.9538711579129252	0.9410261853112456	0.9399531215541237	0.9452373199148952	0.940964038357625	0.9401111362473287	0.94513607621349	0.0372
MCAR	0.07631578947368421	lin	mae	0.08014399057067662	0.0799379980719425	0.08024420445875322	1.762652867072146	1.6722193190190455	1.8306586789048453	1.7635011448032412	1.67424766182383	1.8326431139365047	2.385626607746303	2.305803353729134	2.4467901615579595	3.9125733286284117	3.7106956732025287	4.068605353090195	3.909480275941275	3.704003727943219	4.0644008230437025	0.0372
MCAR	0.07631578947368421	lin	mse	0.009975336687000468	0.009936228466706984	0.009968823737389611	20.487376587130917	20.59447787034693	21.634913316011307	20.492648620632714	20.617859787286147	21.64118587188679	32.95362867918643	32.973272870509305	33.580165789150215	42.53117133555264	39.803143051879246	43.30704366638569	42.57595015577931	39.876731371855506	43.193094695941554	0.0372
MCAR	0.07631578947368421	lin	rmse	0.09987482675518095	0.09968063235507178	0.09984399700227155	4.523157719542745	4.538113911125075	4.6513345736477945	4.523728277605914	4.540689351550725	4.6520087996355715	5.7393968522654815	5.742235877296343	5.7948395826934	6.5129228274439654	6.308973216925179	6.580808739538454	6.516325788397458	6.314802560005776	6.572145364790827	0.0372
MCAR	0.10263157894736842	lin	ev	0.9999862251023405	0.9999861555491462	0.9999862726948415	0.9620483572453159	0.960820157774103	0.963241306291794	0.9620468701241635	0.9608344215880625	0.9632577338886357	0.9399313079542019	0.938405882073051	0.9429896808900802	0.9228698370857682	0.9215247947827796	0.9247533136569064	0.9227503029833404	0.9212534417403733	0.9247480754308925	0.0506
MCAR	0.10263157894736842	lin	mae	0.07999100786041133	0.07963361518558867	0.08029285157089926	2.240734998221066	2.129195124892644	2.35434316576344	2.240757194582817	2.1290486939396907	2.3557904603143296	2.9757706494692515	2.9666202135533717	3.060029142095366	4.654163154389242	4.644825831832857	4.720823606208998	4.654078703497001	4.643350422946871	4.713301811438063	0.0506
MCAR	0.10263157894736842	lin	mse	0.00995191333469255	0.00988088859760617	0.010037088825530102	27.38039722728479	26.7173107998762	27.99729695596259	27.381480220200125	26.70537073437777	27.987104259604948	43.34920361410435	40.738696806524814	44.76854836525448	55.6553769326603	54.69152744240302	56.07714322786113	55.74119619748906	54.66500140809127	56.2710507692807	0.0506
MCAR	0.10263157894736842	lin	rmse	0.09975799829200713	0.09940265890611866	0.10018527249815765	5.230107445185148	5.168879066091235	5.291247202310868	5.230211348383848	5.16772394138636	5.290283948863705	6.580474896159421	6.382687271559277	6.690930306411395	7.459970715363158	7.395372028667863	7.488467348387194	7.4656956922549655	7.393578389933475	7.5014032533440504	0.0506
MCAR	0.12894736842105264	lin	ev	0.9999861039224847	0.9999860067252403	0.9999862898334687	0.954082713009635	0.9538319535551842	0.9547401927430541	0.9540768864392964	0.9538372416862544	0.954736652592782	0.9261062443423238	0.9239778726422493	0.9281249760095112	0.9116209212095558	0.9092839458978994	0.9128301978771521	0.9114508026156845	0.9094066510348989	0.9126993859601057	0.0636
MCAR	0.12894736842105264	lin	mae	0.07989688945256815	0.0793615568843822	0.08038651517878945	2.587803761502111	2.527125145708952	2.6519867931101175	2.588159693650623	2.5261675978344362	2.651803163899252	3.4580520256696277	3.426049063316957	3.4730891703653506	5.073178087166626	5.061112168940816	5.145579348767317	5.073392641627818	5.065630593339212	5.144141775271247	0.0636
MCAR	0.12894736842105264	lin	mse	0.009931687539994743	0.00984578772603226	0.009992806920168044	33.12833869348968	32.64230381227022	33.55630794937369	33.1325923251777	32.64485704145363	33.55246437858539	53.32748107220717	52.07339549389886	55.22537727851737	63.77866519359465	63.357602263214424	65.52156553281239	63.90089421168305	63.45268143539994	65.70723073834637	0.0636
MCAR	0.12894736842105264	lin	rmse	0.09965611427432602	0.0992259428074748	0.09996402813096342	5.754085191336605	5.713344363179084	5.792780675062167	5.754487615234121	5.713567803172868	5.792448910312925	7.301281612569189	7.216189818311244	7.431377885595468	7.9852507684936755	7.9597488819192295	8.094539241538852	7.992985715847034	7.965719141132202	8.105999675446968	0.0636
MCAR	0.15526315789473683	lin	ev	0.9999861976017458	0.9999862266648198	0.999986264954825	0.9455986117968838	0.9438996290228886	0.9453385791968698	0.9455896059475197	0.9438488286739438	0.9453983697290866	0.9130851878220678	0.9102195118122722	0.9172995395935417	0.8982262906783134	0.8958949641460625	0.9005967349062154	0.8981353781583856	0.8957118941543849	0.9008199695967916	0.076
MCAR	0.15526315789473683	lin	mae	0.08007774539581435	0.07990590177039969	0.08012180392861333	2.9711390645585043	2.9554644474208143	3.010042764786934	2.97061715127114	2.9527092305121916	3.010416308838763	3.8533909087560865	3.801150541428251	3.933022912952787	5.537471367982011	5.507967857273342	5.618377896129361	5.536804247244992	5.5045102121447815	5.611579451445742	0.076
MCAR	0.15526315789473683	lin	mse	0.009949599174888576	0.009931594555206242	0.00994448208868737	39.265493033445246	39.70751107323622	40.46074131557201	39.27197549688446	39.66407763910307	40.49737957199698	62.74539108212166	60.11389318938188	64.75302736456798	73.45121381104374	72.20917772414097	75.38086385029949	73.51640861503265	72.04708297998066	75.45435956338845	0.076
MCAR	0.15526315789473683	lin	rmse	0.09974710594718231	0.09965738585376521	0.09972202409040527	6.2645717719049	6.301389614460942	6.360875829284204	6.265065705753484	6.297942333739098	6.363755147080769	7.915877455862713	7.7533149806635535	8.046926578798143	8.569562187016656	8.497598350365882	8.682215376866637	8.573351371192103	8.488055312024107	8.6864468894588	0.076
MCAR	0.18157894736842106	lin	ev	0.9999862615978076	0.9999862071497374	0.9999863402880851	0.9368059674271242	0.9364914791405099	0.937198481100996	0.9367888703029165	0.9364016075956484	0.9372347532407644	0.9022317784869569	0.901914124309628	0.9027009905784362	0.8865673102680207	0.8858238618593646	0.8863810744943267	0.8863368577694892	0.8856333207163183	0.8859476382302753	0.0878
MCAR	0.18157894736842106	lin	mae	0.07987335382585578	0.07942109602850023	0.08046601757383402	3.3624931922063714	3.3073903225145975	3.4085574612221694	3.363403632593383	3.3105701448907214	3.413167987944289	4.232713351074788	4.169214813340008	4.23534304289448	5.892023898738462	5.7939301191837975	5.972711691417641	5.893490629548775	5.795109310670432	5.975167373313067	0.0878
MCAR	0.18157894736842106	lin	mse	0.009914668523637805	0.009858208940233527	0.009967101338632553	45.60488448626998	45.38218677567382	46.06571375997394	45.61696793282242	45.44640756336541	46.02275974447113	70.55885019032624	70.68513371189819	70.88505086888742	81.85134033260468	81.19029114152849	82.94058593623328	82.0170165365681	81.50003178661841	83.07882483263366	0.0878
MCAR	0.18157894736842106	lin	rmse	0.09956984593460202	0.09928851363694356	0.09983537117992076	6.753019822750356	6.73663022405667	6.787172736859873	6.753924742216901	6.741395075454739	6.784007646256829	8.399848436523442	8.40744513582445	8.41932603412455	9.045985070057618	9.010565528396565	9.10717222502316	9.055065693190878	9.027736803131692	9.114758627228351	0.0878
MCAR	0.20789473684210524	lin	ev	0.9999862480896852	0.9999861415764374	0.9999863338832574	0.9292852002595364	0.9275786048422178	0.9289709166166918	0.9292610026127939	0.927572546101175	0.9288875758856359	0.8875639192146274	0.8837672352210426	0.8905276324905897	0.8753081130436347	0.8721899121305579	0.8791577498044978	0.8751644760694679	0.8721401407867079	0.8788201500819919	0.10300000000000001
MCAR	0.20789473684210524	lin	mae	0.07988836404520121	0.0792198957798075	0.08049651168289618	3.7040730751179467	3.6009838925433857	3.8103480044537634	3.704512743529618	3.6032864003828435	3.808650177812659	4.722368655405359	4.657083410146454	4.7796354860875105	6.31287781992574	6.219367269256865	6.3670772472390755	6.312801927690363	6.215001764922403	6.367472527550087	0.10300000000000001
MCAR	0.20789473684210524	lin	mse	0.009929396605672408	0.009835015532492927	0.010027144891330487	51.044173310222796	51.08970227460435	52.23179961478974	51.06159643751219	51.14964748203472	52.236169303434515	81.18629216068771	78.99888172196958	84.4879121706346	89.98890053622627	86.35196497330331	92.89616949051354	90.0919350404965	86.59321466409374	92.93234972382032	0.10300000000000001
MCAR	0.20789473684210524	lin	rmse	0.09964414069441829	0.09917164681748976	0.10013563247580996	7.142435477022174	7.147706084794223	7.227157090778485	7.143654793939819	7.15189817335473	7.227459394796661	9.007260657543046	8.88813150903887	9.191730640670157	9.484289240725621	9.29257579863104	9.638265896441826	9.489782787758312	9.305547520919644	9.640142619475105	0.10300000000000001
MCAR	0.23421052631578948	lin	ev	0.9999861507956173	0.9999860995970861	0.9999862607953669	0.9196479298873493	0.9193546114618186	0.9216999179382449	0.9196539923587824	0.9193926926348328	0.9217147756073472	0.8745618157648029	0.8716984724546769	0.876838005372955	0.8636758978518966	0.8615227145239404	0.8658659606541572	0.8633115040901407	0.8609001043397078	0.8655229213556968	0.11460000000000001
MCAR	0.23421052631578948	lin	mae	0.08005722863530959	0.07974830876283301	0.08002511713794176	4.096885296664344	4.029136810901499	4.141816503361022	4.097019754445189	4.027640354951738	4.1406458231044345	5.103514115264242	5.056066502540174	5.099754236398981	6.6092674900118356	6.566726497101013	6.622384266636647	6.6161370002298465	6.573593229245557	6.634089869596468	0.11460000000000001
MCAR	0.23421052631578948	lin	mse	0.009968254537438982	0.009890556524079452	0.009999719992343729	57.979189350943976	56.87926383582769	58.61546460967876	57.97471177957262	56.86847082950387	58.58778608162441	90.52763741522924	88.65412809112354	92.21553170785657	98.36710761405642	97.4385366199254	98.95368288558977	98.62937143133193	97.68782793386838	99.3985904644769	0.11460000000000001
MCAR	0.23421052631578948	lin	rmse	0.09983758775923586	0.09945127713649259	0.09999859995191797	7.6135420721727085	7.5418342487638705	7.656073707173851	7.613238474065705	7.54111867228622	7.654265874767116	9.514189427440588	9.415632113200024	9.602891840891294	9.917277304034842	9.871096019182744	9.94754657619605	9.930446146650059	9.883715290004481	9.96988417507831	0.11460000000000001
MCAR	0.26052631578947366	lin	ev	0.9999863021908778	0.9999860523579571	0.9999865771718739	0.9131364666996784	0.9093936126031131	0.9165525548357045	0.9131315492500587	0.9093638201411265	0.9165307801582679	0.8657498867130746	0.8667204082944933	0.8679951607205274	0.8556272692973874	0.8514093172136508	0.859167310192997	0.8554873062540096	0.8515302990614999	0.8588369947054155	0.1264
MCAR	0.26052631578947366	lin	mae	0.07971906479786879	0.07925318656586862	0.0805624547721457	4.3950561865101605	4.31883949648501	4.454859527042421	4.395647926495297	4.320912633141346	4.45634145028182	5.452417940799142	5.402406121484386	5.461314216346083	6.878573159109321	6.792594800451556	6.897474570124373	6.880308660650249	6.798848553808585	6.898357721139487	0.1264
MCAR	0.26052631578947366	lin	mse	0.009894334312232533	0.009760131304808982	0.010052778144066861	62.681066869726706	60.21952631292451	65.8174858374296	62.684582834356334	60.20725828910214	65.83793489598634	96.87718847806113	95.11984135283055	96.12424689481105	104.17394323589235	101.29794515217336	106.18055700359362	104.27543941842232	101.53553405707795	106.09414600734864	0.1264
MCAR	0.26052631578947366	lin	rmse	0.09946680948675987	0.09879337682663238	0.10026354344459835	7.9154114304426955	7.760124117108212	8.112797657863137	7.915618275784119	7.759333624036419	8.114057856337132	9.841492008796155	9.752940138893017	9.804297368746576	10.203876423581479	10.064688030543886	10.304395033362882	10.208956012241176	10.076484211126317	10.300201260526352	0.1264
MCAR	0.2868421052631579	lin	ev	0.999986254948252	0.999986145681272	0.9999864146218624	0.9014919242734806	0.89944973804971	0.9046776167022359	0.9014599088757704	0.8993818845363444	0.9046752871592589	0.8510891378275586	0.8466827210875472	0.8546026610298593	0.8426978011676665	0.8388584686471326	0.8452537810389201	0.8424688942667891	0.8389553919657828	0.845180802413486	0.1388
MCAR	0.2868421052631579	lin	mae	0.07985708345753391	0.07960189045380527	0.08025513911187611	4.787459641177466	4.669930886064728	4.88026613032944	4.788309043382538	4.670043102644432	4.880575043118523	5.910915444399493	5.8755889763337015	5.989492670369857	7.256338565902678	7.249681189341552	7.30713508105369	7.261885534957545	7.2599018561041895	7.315986068014793	0.1388
MCAR	0.2868421052631579	lin	mse	0.009939121260356237	0.009934559831554503	0.010047173430112742	71.09104343879957	68.74846324578131	73.04238677197552	71.11415948657046	68.75014336008594	73.09167737023905	107.46209858899799	105.27351831309501	110.39564705418707	113.53014925360883	110.57920601329262	116.21858646752241	113.69608332201867	110.63135576674735	116.14868726480039	0.1388
MCAR	0.2868421052631579	lin	rmse	0.09969319644214657	0.09967226209710756	0.10023558963817564	8.430349129582748	8.291469305604485	8.546483883561445	8.431722947733467	8.291570620822448	8.54936707424819	10.36550696438324	10.260288412763796	10.506933284940333	10.653775839250992	10.515664791790037	10.78047246031093	10.661528775289293	10.518144121790087	10.777230036739514	0.1388
MCAR	0.3131578947368421	lin	ev	0.9999861641122008	0.9999860160904421	0.999986190570319	0.8947394373923139	0.8927572734030454	0.8967754654807873	0.8947416740334067	0.8927183545443582	0.896741453124618	0.8386488979583199	0.8381322933009651	0.8399025437919145	0.8362032857754846	0.8328967358818701	0.8408579552014074	0.8360699691206553	0.8326665618077558	0.8407636319605408	0.1514
MCAR	0.3131578947368421	lin	mae	0.08015247271359284	0.07989443673861987	0.08066181260685608	5.112950898934152	5.060804879600035	5.1859246499263465	5.111802845576387	5.056637162745656	5.187580877819555	6.27230432860245	6.220857074252259	6.3031779135297645	7.4885379608163065	7.36179839799999	7.592829440672229	7.490798376344971	7.35888153424103	7.593409191254503	0.1514
MCAR	0.3131578947368421	lin	mse	0.00998835261738331	0.009846138635015553	0.010147603394825103	75.96420579215615	73.98959196961019	77.13740220168422	75.9624731332245	73.91781924105221	77.16539570530955	116.45588746529856	115.15525659989477	115.97017562433386	118.22132825871054	114.4674730526302	121.45561750800799	118.31840578492756	114.53569768121316	121.6229755800466	0.1514
MCAR	0.3131578947368421	lin	rmse	0.09993603648106641	0.09922771102376368	0.10073531354408494	8.715147858612054	8.601720291291166	8.782790114860097	8.715035196949133	8.597547280536014	8.7843836269433	10.791010974970586	10.7310417294825	10.768944963381225	10.871571704980624	10.698947287122701	11.020690427918208	10.875965914805402	10.702135192624562	11.028280717321563	0.1514
MCAR	0.3394736842105263	lin	ev	0.9999863176490995	0.9999861288993753	0.9999865906001006	0.8859285284740889	0.8849717015846262	0.8859346200058033	0.8858862258044622	0.8849103068018138	0.8859920005725002	0.8232228307072408	0.8199758614700148	0.8248935957062282	0.8255098836629058	0.8229868209855618	0.828772020964656	0.825227764185645	0.822759298627725	0.8283248060157524	0.16640000000000002
MCAR	0.3394736842105263	lin	mae	0.07980768994076828	0.07911323903751437	0.08043592060971458	5.512996872535362	5.470600234013867	5.530011380201436	5.515030460561706	5.4763976674500086	5.529398283521247	6.692158409796053	6.662226937069303	6.762877572178988	7.827764343564809	7.771754017148518	7.826036801783088	7.831416180911708	7.776646199997112	7.8306695274555835	0.16640000000000002
MCAR	0.3394736842105263	lin	mse	0.009860686566814774	0.009756873371360424	0.009997519788220376	82.32699331473373	82.26788240290144	82.86012827045096	82.35748999454326	82.22491388914285	82.96733386376141	127.57731047658811	127.27421306285312	128.64309926987153	125.9284233593648	124.3526721477782	127.66554517923444	126.13160211725001	124.46171219089511	127.82973394285507	0.16640000000000002
MCAR	0.3394736842105263	lin	rmse	0.09929671990889025	0.09877688682764012	0.0999875981720752	9.07302807710796	9.070164408813184	9.102753883877723	9.07471679796414	9.067795426074788	9.108640615578233	11.293907110911201	11.281587346772312	11.342094130709352	11.221221560247491	11.151352929029652	11.298917876470934	11.230291842481595	11.156240952529446	11.306181227225002	0.16640000000000002
MCAR	0.3657894736842105	lin	ev	0.9999861485254125	0.9999858372263758	0.9999863440896145	0.8759192936280165	0.872417423333049	0.8802396623874623	0.8758971595463922	0.8723760482599947	0.8802345181296599	0.811615652414012	0.8087045429709598	0.8180786764031803	0.8182458368857521	0.8159724007361071	0.8188271839387444	0.8178410750005783	0.8154912199214839	0.8185427011173613	0.179
MCAR	0.3657894736842105	lin	mae	0.07968334152277654	0.07940597760981226	0.08034400307430184	5.851894154094917	5.745808821108844	5.90458638884363	5.852973438562598	5.7456076068500455	5.906686093779235	7.039655444158735	6.933187473511077	7.117111045445588	8.00566220173529	7.98990863635633	8.026621474101871	8.014148770674302	7.995029246424551	8.028951788798345	0.179
MCAR	0.3657894736842105	lin	mse	0.009874139613163	0.009812162814794167	0.010034872218741168	89.5605885665343	85.61282660369548	92.67937974025114	89.57658503163525	85.61267807732298	92.7094356946577	135.99118391231633	130.00045232255164	137.60852832012137	131.1624967956717	131.50321828704443	132.46405856311605	131.45398285934422	131.8885661926661	132.71332879256175	0.179
MCAR	0.3657894736842105	lin	rmse	0.09936400061953939	0.0990563618087913	0.10017420934921906	9.461770022159907	9.252719957055627	9.627013022752754	9.462607619410072	9.252711930959647	9.628573918013908	11.658395142363648	11.401774086630187	11.73066614988771	11.452316489417333	11.467485264304656	11.509303131081223	11.465025198333752	11.484274735161385	11.52012711703138	0.179
MCAR	0.3921052631578947	lin	ev	0.9999861472252844	0.9999861590978028	0.9999862301776561	0.8699389647944296	0.8664406425530319	0.8744843450421548	0.8699048505461418	0.8663572938198871	0.8744539305604698	0.8005866647225325	0.7969471563490205	0.7980884726516532	0.8047512760491392	0.8033045329243509	0.8055512176956231	0.8045267439654863	0.8031971408527372	0.8049721697791252	0.19099999999999998
MCAR	0.3921052631578947	lin	mae	0.08008202195871164	0.07953328248045755	0.0807156284243427	6.124305539872733	6.056717259370789	6.213195037614102	6.125184529325296	6.058047039403571	6.214522124919141	7.3971352665869645	7.398889175311955	7.45334668858878	8.394714302960644	8.33460368129242	8.463634659890454	8.399697882529512	8.336479812577046	8.476930450267934	0.19099999999999998
MCAR	0.3921052631578947	lin	mse	0.00998081754314634	0.009856483298379046	0.010105621210725304	93.8623369508301	91.22850747577458	97.02107239144621	93.8870826506251	91.25061362477008	97.08161912981592	143.9341707741568	144.28905789383026	147.13455530589286	140.90875581339307	138.95003123066635	142.9641098920167	141.06975567939145	139.3640844245993	142.92568024374341	0.19099999999999998
MCAR	0.3921052631578947	lin	rmse	0.0999007096206644	0.09927982321891517	0.10052671888968277	9.686699039447651	9.55136155088763	9.849927532294144	9.687973381138583	9.552518705805818	9.853000514047277	11.995288107794048	12.01203804080849	12.12990335105325	11.870224539225834	11.787706784216613	11.95676000812999	11.877014680799116	11.80525664374135	11.955152874126847	0.19099999999999998
MCAR	0.4184210526315789	lin	ev	0.9999863468739033	0.9999861048347701	0.9999866551937179	0.8638101227685648	0.8619233154003796	0.8654908949213385	0.8638046230088626	0.861994117978947	0.8655612038783234	0.7921513779783828	0.7899461814708826	0.7937009120985673	0.7926901671305476	0.7876695920117162	0.7985589923961184	0.7924803847872386	0.787572107502355	0.7981487169010248	0.20379999999999998
MCAR	0.4184210526315789	lin	mae	0.08012950896797191	0.08023340483130696	0.08044063375770756	6.3580347791598	6.325990580210693	6.426420748994031	6.3581336252892715	6.324962183443859	6.426458138554359	7.717205049434503	7.649058071011168	7.767488718885162	8.728303798445785	8.546687121890027	8.888992254551729	8.732804894981838	8.558746814009108	8.893177114476128	0.20379999999999998
MCAR	0.4184210526315789	lin	mse	0.009967062251844391	0.009955325301407041	0.010061947697851351	98.29105793780674	97.7652142463798	99.58374463470842	98.29490234339369	97.71411160734992	99.53268035891138	150.0135587473464	149.2149187243784	151.08878208993454	149.63215594199696	144.23528460547777	154.32804950903605	149.7828969521103	144.34004878457228	154.39891998495244	0.20379999999999998
MCAR	0.4184210526315789	lin	rmse	0.0998326025046887	0.0997763764696185	0.1003092602796539	9.913432555179128	9.887629354217308	9.97916552797419	9.913632531992514	9.88504484599589	9.976606655517264	12.247647818463166	12.215355857459839	12.291817688606292	12.230784446763636	12.009799523950338	12.422884105916632	12.23700229292588	12.014160344550604	12.42573619488811	0.20379999999999998
MCAR	0.44473684210526315	lin	ev	0.9999863031427301	0.9999861479150897	0.9999864237648574	0.8538010029154531	0.8514311566427315	0.8556408628317578	0.8537783973005094	0.8513766514028214	0.8556100637045647	0.770998593117947	0.7668594513374108	0.7724319141451195	0.7813080672168775	0.7746317671760519	0.7877234379157196	0.7811540885069567	0.7743453984887845	0.7870464623070615	0.2178
MCAR	0.44473684210526315	lin	mae	0.07955657484804271	0.07890055710216257	0.08009516447350414	6.8004247537134885	6.720774310089318	6.8633952955647	6.800923706266642	6.721246799414071	6.863792201931535	8.161053483377405	8.152106726679541	8.195796166367955	9.001124757399122	8.892863935457857	9.08464002022973	9.0064944850937	8.906302773252733	9.09066224963499	0.2178
MCAR	0.44473684210526315	lin	mse	0.0098156512173109	0.009671805856449417	0.009984577397131362	105.51439598102127	104.86631985428647	107.9100848787405	105.53070257180164	104.88869316010434	107.91343235726617	165.27767149704744	164.5991777698317	168.44720578452564	157.83642512199808	154.07406239900567	163.8043279930842	157.94879760254213	153.91780717934134	164.0125451210127	0.2178
MCAR	0.44473684210526315	lin	rmse	0.09907012069598482	0.09834533978002932	0.09992285723062247	10.271178652446197	10.24042576528371	10.387977901340593	10.271983682278153	10.241518108176363	10.388139022811842	12.855171178367641	12.829621107804849	12.978721269236258	12.560828313740949	12.412657346394674	12.798606486375155	12.565253808555344	12.406361560882438	12.806738270184672	0.2178
MCAR	0.47105263157894733	lin	ev	0.9999863850171276	0.9999863975312802	0.9999866037667335	0.8466303090111188	0.8423905164198435	0.8526066614868768	0.8466200824767661	0.8424351090951605	0.8525575373140484	0.7648555182790657	0.7569819253195121	0.770319356057152	0.771258993598658	0.7654397986010845	0.7753608554014256	0.7708182170683949	0.7650620387996581	0.7746280575733051	0.23120000000000002
MCAR	0.47105263157894733	lin	mae	0.07972125642373248	0.0792338628861414	0.08025105575866674	7.07271056334166	6.9360434877468915	7.171718121149895	7.073399907085704	6.937195950104038	7.172303968655518	8.469243494694961	8.36934035478706	8.656477238521767	9.264126992024286	9.114840748187447	9.377203202813478	9.274423869335699	9.126775095599038	9.384614069177667	0.23120000000000002
MCAR	0.47105263157894733	lin	mse	0.009851390010859336	0.009737130807399111	0.009920848003333418	110.69496426836358	106.30310704453542	114.49172419147435	110.70219373717302	106.3385364082728	114.45933088513665	169.72410251157046	165.21377200131266	173.6833748671155	165.08795508872208	160.5235876907802	168.71414192792452	165.40557864187517	161.04726889031772	168.985895397276	0.23120000000000002
MCAR	0.47105263157894733	lin	rmse	0.09925033132610613	0.09867690108327841	0.09960345377211283	10.51908928416502	10.310339812272698	10.700080569391725	10.51945380017658	10.312057816375585	10.698566767802903	13.025072739151415	12.853550949107902	13.178898848808101	12.846743744410201	12.66979035701776	12.989000805601812	12.859133457549273	12.690440058970285	12.99945750396054	0.23120000000000002
MCAR	0.4973684210526315	lin	ev	0.9999860543997432	0.9999857790282829	0.9999862508623242	0.8374291906776165	0.8341062075756575	0.8409934969880527	0.8374404020495507	0.8341247300506097	0.8409961295248591	0.749905597776294	0.7478071076824031	0.7560332062220041	0.759849537167544	0.7553069944317626	0.7663207515790065	0.7595430157436638	0.7546018729241883	0.7659194193387128	0.2432
MCAR	0.4973684210526315	lin	mae	0.08006863376307688	0.07966275691153742	0.0801675230737295	7.4399295076307705	7.380269628026589	7.501055212571676	7.439787073243364	7.380687249898561	7.500396797807914	8.887167477218743	8.804027161924159	8.961649911918027	9.537121258907097	9.384186851692277	9.621146086658541	9.54069620258699	9.394813078844553	9.627013493267194	0.2432
MCAR	0.4973684210526315	lin	mse	0.010000376070010069	0.009922611824909446	0.010057958525204708	117.31897076896348	115.24406783770351	119.628941967392	117.31088106953639	115.22813078338152	119.64643596671336	180.4894054452722	175.95386996397048	183.21011073086132	173.290929688066	168.08049127081162	177.75151259126872	173.5125647315188	168.36916212042465	178.2637325444878	0.2432
MCAR	0.4973684210526315	lin	rmse	0.0999979691960217	0.09961230759755266	0.10028937393963883	10.830850306613351	10.73517898489371	10.937501632794941	10.83047458158627	10.734436677505789	10.938301329123885	13.43326908527051	13.26476045633582	13.53551294672135	13.162627474737358	12.964586043172055	13.332348352457219	13.171032841431096	12.975714320237813	13.351544200746511	0.2432
MCAR	0.5236842105263158	lin	ev	0.9999862422444558	0.999985984509073	0.9999864458119602	0.8313221103780031	0.8271987186749468	0.834708048282999	0.831343869960441	0.827228868564512	0.8347453064231066	0.7364822336007141	0.7331574635194582	0.7415350206754756	0.755723911709318	0.7550384782980339	0.7573169707655911	0.7554214141447643	0.7542940123116907	0.757405533249347	0.25820000000000004
MCAR	0.5236842105263158	lin	mae	0.08015696855075025	0.07974239810797411	0.08050904182068112	7.715217252904246	7.618706651407968	7.82806873854364	7.714885570153903	7.618127255876181	7.8263932833560075	9.259233358790652	9.217315655074337	9.290362223974045	9.697812942099741	9.619670461102302	9.746387419597212	9.704087205465939	9.629223159513856	9.75335822354288	0.25820000000000004
MCAR	0.5236842105263158	lin	mse	0.009951238356863328	0.009871252714611955	0.009975306994759367	121.72928605058155	118.89096971782648	125.29952327652438	121.71368222464892	118.86417073359729	125.24615550140055	190.18373861078962	187.86610888649014	191.9356976061239	176.27412961264707	174.55671846102885	177.94656985829025	176.49180847240106	174.49301802858295	177.97227684424422	0.25820000000000004
MCAR	0.5236842105263158	lin	rmse	0.09975473903319361	0.09935417814370946	0.09987645866148523	11.032228973472742	10.903713574641737	11.19372696096007	11.031532979776056	10.902484612857625	11.191342881951234	13.78979393159183	13.706425824644809	13.854085953469609	13.27554654031548	13.211991464613837	13.339661534622618	13.28373739051509	13.209580539463884	13.340625054480926	0.25820000000000004
MCAR	0.55	lin	ev	0.9999863663542365	0.9999861168368441	0.9999868765671412	0.8242678116671582	0.8197825652064883	0.8284428747535736	0.8242437183850118	0.8197316330380711	0.8284647721474795	0.727157544076886	0.7242033084920267	0.7300703589833644	0.7435972591105562	0.7384837009154828	0.7494716310027048	0.7433264779801081	0.7379459946468567	0.7488386218258865	0.2698
MCAR	0.55	lin	mae	0.07939502538604921	0.07874736044304072	0.0798949505651081	7.9772176895507885	7.930332196334471	8.093842179041403	7.977112538533778	7.929355792879345	8.093873597720485	9.48394100738868	9.39414228204852	9.609139708358708	9.983857382719172	9.964757327257985	10.015237906299172	9.98933284552944	9.97496854882503	10.008115983957051	0.2698
MCAR	0.55	lin	mse	0.009812527930223424	0.009635386238163098	0.010001026176538112	126.81994290066068	124.62366236233929	130.06368193550634	126.8373158092058	124.60775551253154	130.09019069121595	196.92447749058232	196.0906253412649	198.0149831264214	185.0304267716099	181.99047591441754	188.36552679933178	185.2275012210983	182.45043757677388	188.1348007870529	0.2698
MCAR	0.55	lin	rmse	0.09904830873702541	0.09816000325062697	0.10000513075106753	11.260161201949293	11.163496869813656	11.404546546685069	11.260928562416641	11.16278439783424	11.405708688688133	14.031803052284701	14.003236245285049	14.071779671613019	13.601814975812776	13.490384572517478	13.724632118906932	13.609078970702162	13.507421573963473	13.716223998865464	0.2698
MNAR	0.05	lin	ev	0.9999862149663061	0.9999860158992723	0.999986371901843	0.9826911138072095	0.982210127942321	0.9829782372687547	0.9827365417572688	0.9822217895965146	0.983053305483927	0.9697318638059423	0.9687584026307989	0.9716678713202647	0.9575682777131922	0.9555299179752567	0.9599146303140901	0.9574618142267252	0.9554691318371489	0.9598860057490206	0.0252
MNAR	0.05	lin	mae	0.08005215395273754	0.07985327329182636	0.08055478840922259	1.2619435960576717	1.1943360949160478	1.3103771448300967	1.2575562142025647	1.1942918497503605	1.3058803612063838	1.9268520948580836	1.8775525704467995	1.9726651143140816	3.19016535872006	3.039605528101627	3.3021269072809165	3.1931144466807178	3.0460051130429546	3.3066667761651	0.0252
MNAR	0.05	lin	mse	0.009954391988126574	0.0099029692322538	0.010061473193169279	12.489515793604314	12.163483026626757	12.830421596615578	12.456884516731973	12.109840464719134	12.822010971776105	21.841917930658916	20.246079806950963	22.53239486183302	30.616213728635536	28.833542065087943	32.07273773322301	30.69268476486244	28.853139893257325	32.11657920553542	0.0252
MNAR	0.05	lin	rmse	0.09977016666734764	0.09951366354553429	0.10030689504300927	3.532736527968089	3.487618532269084	3.5819577882235825	3.528220287985792	3.4799196060712574	3.5807835695244283	4.669302924074998	4.499564401911696	4.746829980295589	5.531475386526879	5.3696873340156355	5.663279768228214	5.538259230014718	5.3715118815150475	5.667149125048274	0.0252
MNAR	0.07631578947368421	lin	ev	0.9999862037350665	0.9999860324492246	0.9999862701243913	0.974998018382354	0.9741154650873641	0.9755788386960543	0.9750583041552294	0.9741776248422365	0.9756690194626276	0.9575715752740546	0.9567188646657506	0.9580344629148172	0.9428678094597975	0.9410714599675886	0.9436834053796939	0.9427840683584032	0.9409753246930076	0.943641964954613	0.0372
MNAR	0.07631578947368421	lin	mae	0.08003339353280652	0.07987883118140797	0.08051652620691352	1.7677657657309318	1.7737743854632766	1.7938345638385038	1.7620704365489985	1.7652952053766706	1.785494112342878	2.3973151588088975	2.387991076964653	2.4053319892177303	3.924369901620942	3.8951435591569408	3.953190878346538	3.9279333048233	3.906790841148731	3.953188050453494	0.0372
MNAR	0.07631578947368421	lin	mse	0.00996310687816223	0.009942673043252874	0.010055545316702384	18.043883270965626	17.45097647647243	18.803215166521994	18.000529059938128	17.4520916536244	18.758060665986907	30.6216862430951	30.00032996823597	31.441069758050133	41.22425525295143	40.50732341207667	42.743137819332695	41.28464885870598	40.53713078998199	42.8221410854475	0.0372
MNAR	0.07631578947368421	lin	rmse	0.09981368795470291	0.09971295323704375	0.10027734199061314	4.247092317452148	4.1774365915561695	4.3362674233172	4.241972888706398	4.177570065675069	4.331057684444633	5.532459200385375	5.477255696809851	5.607233699254039	6.418722394468906	6.364536386263863	6.5378236301794415	6.423369550827532	6.3668776327162115	6.543862856558617	0.0372
MNAR	0.10263157894736842	lin	ev	0.999986150130417	0.9999860929237981	0.9999862394655276	0.964036594643557	0.9640344328592377	0.9643797275224252	0.9640972527636752	0.9641295821593383	0.9644974819993387	0.9434622988121605	0.942432644331778	0.9439888510040454	0.9273620707888348	0.9238348011285826	0.9303213216228156	0.9272919970586762	0.9239537037881996	0.9303257785927893	0.0508
MNAR	0.10263157894736842	lin	mae	0.08022855995020446	0.07967038796387961	0.0806111184112677	2.1610362975430832	2.119803197276985	2.193041725464642	2.155727119742671	2.11808307623282	2.188416995200565	2.881166714905462	2.8266374500702356	2.9119234839612096	4.517389665779511	4.349431065817123	4.60731171452363	4.518990403068533	4.348550386013676	4.606545203222567	0.0508
MNAR	0.10263157894736842	lin	mse	0.00998936572153038	0.009925499423545725	0.010044970970839957	25.953421678802773	25.627962442213413	26.126345318401583	25.90973872700597	25.536202753234676	26.05722633408238	40.80858257674547	40.397030310600016	41.408004418421754	52.427087638191246	50.64453381030417	54.9319078485743	52.47729520147446	50.64129539826215	54.846155080389735	0.0508
MNAR	0.10263157894736842	lin	rmse	0.09994562206789229	0.09962680072925019	0.1002246026225096	5.094190740733433	5.062406783557937	5.111393676718864	5.089889071119871	5.053335804519097	5.10462793297243	6.387506953297001	6.355865819115443	6.434905160017649	7.238484835853346	7.116497299255032	7.411606293414019	7.242025026334543	7.116269767108478	7.405819001325224	0.0508
MNAR	0.12894736842105264	lin	ev	0.9999862693314983	0.9999861636342278	0.9999863040301745	0.9585983111225905	0.9570175558540264	0.9596700384241913	0.9586675656111339	0.9570511828743523	0.9597905832008176	0.9320572784206625	0.9293019007381657	0.9343700183894759	0.9174818811762474	0.9158672941456439	0.9196418314062459	0.9172262185219449	0.9155610114692347	0.9194988300359994	0.0638
MNAR	0.12894736842105264	lin	mae	0.08010069176419347	0.08024970766381612	0.08040400863881605	2.4525250376763195	2.443045114924668	2.453956754791026	2.4475711822500315	2.434253451165017	2.4477313076141964	3.2958440488038945	3.256567986697457	3.3104859536771145	4.91650076542488	4.8717224009763616	4.959722690885537	4.9193466937890715	4.867173252989612	4.963645044925533	0.0638
MNAR	0.12894736842105264	lin	mse	0.00996170954451502	0.010002199658871076	0.010027167859630162	29.878835503169107	29.00847978756973	30.999822700117317	29.829083426720274	28.921774504955344	30.97557020148097	49.04286768678945	47.708850109411046	51.07358821579426	59.553545617085206	58.406704619889645	60.9727003876668	59.73787596182467	58.510644840516015	61.22138782294764	0.0638
MNAR	0.12894736842105264	lin	rmse	0.09980406213988449	0.1000109976896095	0.10013574716169127	5.465080535429185	5.385952078098145	5.567748440807767	5.460546250629906	5.3778968477421865	5.565570069766526	7.001834078817912	6.907159337195794	7.146578776994923	7.716206427942856	7.6424279270327204	7.808501801732954	7.728167275685232	7.649225113729888	7.824409742782368	0.0638
MNAR	0.15526315789473683	lin	ev	0.9999861864835357	0.9999859615436401	0.9999862764854006	0.9463224349625421	0.944993452263411	0.9500689122837128	0.9463687705880537	0.9450571672114831	0.9500836127955039	0.9170432984723336	0.9114567053240029	0.9235492301535461	0.9031817501930002	0.8992363563002419	0.9065250632309394	0.9030890289529049	0.8991826869365368	0.9065666025260728	0.0766
MNAR	0.15526315789473683	lin	mae	0.08012569475592426	0.0798210841979783	0.08049464334222779	2.9908179358291953	2.8798217813059988	3.0696527245114527	2.986950504408676	2.8758992555468637	3.0695843162726577	3.854776863023673	3.7513088525418583	3.9800504993210675	5.3602050461878665	5.302863702835574	5.358799288532225	5.3615412653095404	5.298047531743093	5.367460920461609	0.0766
MNAR	0.15526315789473683	lin	mse	0.009972864699346124	0.009935954074220514	0.010033426197747539	38.73049687889041	36.27127120485795	39.68294645173692	38.697297951002554	36.26059236178826	39.734363588934244	59.86155622684944	55.537905847554626	63.717447196056156	69.86646552131617	67.90268222619962	72.00410963273991	69.93321418577332	67.87256832492814	72.0424703910586	0.0766
MNAR	0.15526315789473683	lin	rmse	0.09986288602398166	0.09967925598749477	0.10016699155783575	6.2199486448529715	6.022563507748005	6.299440169708489	6.217349903039041	6.021676872914077	6.303519936427127	7.732921606889066	7.452375852542237	7.982320915376439	8.35717802289943	8.240308381741524	8.485523533214666	8.361174977383586	8.23848094765826	8.487783597091681	0.0766
MNAR	0.18157894736842106	lin	ev	0.9999861592596142	0.9999860175341705	0.9999864154323703	0.939908638980169	0.9379180013202498	0.9407255466320239	0.9399642498255496	0.9377952322538778	0.9408860099615137	0.903081858402715	0.9017188386361964	0.9064486086523951	0.8935884848814422	0.8900555163011135	0.8953939629713785	0.8934483285235786	0.8896876482601328	0.8953316633592349	0.088
MNAR	0.18157894736842106	lin	mae	0.07984840232968014	0.07952405134251317	0.07964141023157208	3.265985606756292	3.2122735875755923	3.346214459099968	3.2623778945748767	3.205981781623166	3.341213388757159	4.27305421334185	4.232753763022148	4.281500809070586	5.702396195308082	5.646172685907169	5.822734678198055	5.7033882697278635	5.644800475740267	5.826227490920416	0.088
MNAR	0.18157894736842106	lin	mse	0.009927764002047429	0.009839888986915705	0.009926724084365134	43.371598521145835	42.634848020176946	45.123041285716674	43.331812851668516	42.51943017527269	45.21227349099868	69.96242597401327	67.47711122205783	71.43411686932943	76.81596633218506	75.71415278862324	79.29422277492083	76.91748500907417	75.76472525908144	79.55954495618035	0.088
MNAR	0.18157894736842106	lin	rmse	0.09963639589112394	0.09919621457956804	0.09963294678149962	6.584031750262378	6.529536585407646	6.717368628095132	6.580965688164606	6.520692461332055	6.724007249475471	8.362352600752379	8.214445277805302	8.451870613617404	8.759863952923144	8.701387980582364	8.904730359473039	8.765496042921205	8.704293495688288	8.919615740388167	0.088
MNAR	0.20789473684210524	lin	ev	0.9999861100642512	0.9999860775863245	0.999986424384284	0.9287145525240929	0.9250090864113613	0.9305869451330373	0.9288181489098786	0.9251038747375256	0.9304660347779339	0.8904868490509898	0.886136339146547	0.89531682492748	0.8801514949493852	0.8777190697906189	0.881287668899082	0.8799224114982669	0.8777312234573913	0.880969116498533	0.10200000000000001
MNAR	0.20789473684210524	lin	mae	0.0800149429406875	0.07962745346627613	0.08043771943210189	3.760688739410276	3.7153687134548696	3.8945898165309334	3.754628486089697	3.7071433995243908	3.88191542200445	4.71493338817327	4.683297782650562	4.809242665457592	6.141040127235122	6.1420922511087195	6.186508465044455	6.144164455259063	6.142662649926974	6.185382314649997	0.10200000000000001
MNAR	0.20789473684210524	lin	mse	0.009958696952729808	0.009833564560533647	0.010042094184514181	51.434483278378465	50.451470750591504	54.08498915214406	51.36016292233737	50.539351989295525	54.016625861886375	79.04226090779713	76.09173616643335	82.14602087116339	86.47216382200557	86.28364954908601	87.95406079711672	86.63720645968223	86.5152021932946	88.06428992116858	0.10200000000000001
MNAR	0.20789473684210524	lin	rmse	0.09979162718359783	0.09916433109003281	0.10021024989747397	7.1693695766272025	7.102919874994473	7.354249734143114	7.164280437656823	7.109103458896595	7.349600387904527	8.8879581849523	8.723057730316437	9.063444205773177	9.297535146796445	9.288899264664572	9.378382632262172	9.30634957632616	9.301354857938417	9.384257558335053	0.10200000000000001
MNAR	0.23421052631578948	lin	ev	0.9999861575732863	0.9999860721275596	0.9999862856679329	0.9211937913373681	0.9210233146523212	0.9225785770346085	0.9212838570127658	0.9211629559997909	0.9229174727028054	0.8759145276990943	0.8752395418338067	0.8793100414084185	0.8703085698663091	0.8686784401594366	0.8727647590929679	0.8701995697700434	0.8684635090312615	0.8726761486820989	0.11420000000000001
MNAR	0.23421052631578948	lin	mae	0.07996787392652462	0.07954579648373973	0.08045277698697749	4.078432706835438	4.059587606668794	4.112585544827642	4.072674315409945	4.062722035845415	4.097737357261735	5.170084245497978	5.1252918276447765	5.173440089642708	6.479092061570694	6.467236667857637	6.489629169613012	6.480548629169229	6.473819368883853	6.490202602940321	0.11420000000000001
MNAR	0.23421052631578948	lin	mse	0.009920926622339121	0.009861671559872375	0.010062387215795426	56.8635723859518	55.68757557566336	57.172872963060506	56.79905219435492	55.443815161399	57.27813125204642	89.52765834148775	87.30666060229717	89.75543672100893	93.57817088410306	92.42706579870926	94.45679255474788	93.65611352246813	92.49147147090679	94.61147103069314	0.11420000000000001
MNAR	0.23421052631578948	lin	rmse	0.0996016484794651	0.09930594926726381	0.1003114510701317	7.540169057517889	7.4624108420579045	7.56127455942849	7.5358710335786245	7.446060378575976	7.568231712364945	9.459496385304385	9.343803326392159	9.473934595563183	9.673037835941491	9.613899614553361	9.718888442345033	9.676991898602438	9.617248643500218	9.726842808984483	0.11420000000000001
MNAR	0.26052631578947366	lin	ev	0.9999864030591198	0.9999863387624293	0.9999864367793899	0.9139456538345844	0.9131564851442393	0.9155550956883802	0.914088154916984	0.9132973624886116	0.9158061499094863	0.8668638585480959	0.8628225691733953	0.8695430018195084	0.8595840344190051	0.8520279709643437	0.8648607303647169	0.8592241403708863	0.8516199919243191	0.864568335421114	0.1278
MNAR	0.26052631578947366	lin	mae	0.07981600765238597	0.07916882749410656	0.08021214658319151	4.390825425819568	4.346199379951671	4.464171251782819	4.3841731099950625	4.332928758935217	4.456435290969183	5.511095930527105	5.438943482963695	5.554955155144897	6.846965160688822	6.749361542187244	6.951092882103562	6.85391722301498	6.749717766233419	6.965540113637974	0.1278
MNAR	0.26052631578947366	lin	mse	0.009895056847514735	0.00975717438884529	0.009927346282466764	62.10519216433211	60.739415664513004	62.63332894799498	62.0029618040223	60.558837726573515	62.53172530993355	96.0762759982409	94.08637959406487	98.93972141357511	101.34646294364346	98.22323657024073	106.97137020267274	101.60600767671261	98.4357624111577	107.31733033365818	0.1278
MNAR	0.26052631578947366	lin	rmse	0.09947108336646597	0.0987784105401848	0.09963606918414016	7.8796038232551044	7.793549619044778	7.914122121119624	7.873093064212284	7.78195590623421	7.907700380637443	9.800633045895122	9.699813379342144	9.946844796897915	10.06407711332449	9.910763672403894	10.342696466718568	10.076952795716197	9.921479849858976	10.35940781771131	0.1278
MNAR	0.2868421052631579	lin	ev	0.99998621693219	0.9999862025748857	0.9999862787325552	0.9039026883756168	0.9018439790702085	0.9035284259466505	0.90404029203057	0.9020380750776623	0.9037159202599407	0.8478241156738433	0.8416528472256699	0.8492545831049361	0.8499448709501938	0.8432740496475619	0.8569728238831202	0.8497587351981268	0.8429268865531215	0.8566960762034015	0.14100000000000001
MNAR	0.2868421052631579	lin	mae	0.07985814628324167	0.0796904608766536	0.08063744684866007	4.790958320837451	4.739918089267871	4.844849008063494	4.78467593309466	4.735719245458232	4.835771510060329	5.984425914572897	5.881752827983929	6.094721452706519	7.12391779512303	6.975150913488034	7.263598966167585	7.128309106123133	6.97906340448342	7.267393213001751	0.14100000000000001
MNAR	0.2868421052631579	lin	mse	0.00993209622932528	0.009943065847977944	0.010054197984538406	69.3404143750175	69.5772832531028	70.22409065028744	69.24174816730552	69.44205849832753	70.18360280899464	109.81294237043703	109.52837854611222	113.33974426702187	108.27058002241628	103.95640137479229	112.72962793283288	108.40513950828877	104.15781967493969	112.97933881608523	0.14100000000000001
MNAR	0.2868421052631579	lin	rmse	0.09965695540599659	0.09971492289511107	0.10027062373665782	8.326226794143963	8.341299853925815	8.379981542359591	8.32040765183571	8.333190175336666	8.377565446416675	10.477276615441514	10.465580659768106	10.646114045369881	10.403335461003865	10.195901204640633	10.61742096428473	10.409770161548876	10.205773840083841	10.629173947964405	0.14100000000000001
MNAR	0.3131578947368421	lin	ev	0.9999863470940472	0.999986264632181	0.9999864084064494	0.8958494263748467	0.8965334100530786	0.8978335546872708	0.8959600778587138	0.8968068846127462	0.8979852197190655	0.8383846401694252	0.8354256631262874	0.840215179869503	0.8387685639903294	0.8376280683124337	0.8395783009002313	0.8385650452020806	0.8373843676497503	0.8392546868485324	0.1524
MNAR	0.3131578947368421	lin	mae	0.07947063578545523	0.07939973642778772	0.07949839126393242	5.111627550406963	5.085180799665743	5.106635454719131	5.105624533725873	5.075643274429422	5.094723627216185	6.291754805358661	6.239152035115049	6.359580580381655	7.473168586506408	7.467152522461847	7.519640774107022	7.479444136613148	7.474357633249948	7.5177507521275775	0.1524
MNAR	0.3131578947368421	lin	mse	0.009821809055407143	0.009792914552298564	0.009822386291536336	75.17510415551376	73.68454152676476	74.8921231100457	75.09581297831787	73.57515758667338	74.79273061043371	116.67285915524383	116.11935376328874	118.72932079049836	116.37074572191905	115.69942864243217	117.95129326564407	116.51747931744123	115.93284872415941	118.1284600203017	0.1524
MNAR	0.3131578947368421	lin	rmse	0.09910468359337779	0.09895915598012427	0.0991079527158963	8.668382013000098	8.58397003296055	8.654023521463627	8.663660948758803	8.577596259248473	8.64827905484286	10.799469499674156	10.775869049097096	10.89629849033599	10.786422959000737	10.756366888612165	10.860538350636402	10.793232361783538	10.767211743258299	10.868691734532804	0.1524
MNAR	0.3394736842105263	lin	ev	0.9999862252343193	0.9999860115505775	0.9999864569196956	0.8907656200664338	0.8888219736513181	0.8923449148487032	0.8908293581168939	0.8888842205966007	0.892410796813497	0.8285047705538163	0.8228668136555647	0.8301583354359291	0.8315121971019437	0.8280444126310487	0.8353319457803345	0.8312622945704551	0.8280622854891555	0.8347314163857307	0.16460000000000002
MNAR	0.3394736842105263	lin	mae	0.07994329336933029	0.0794509588876163	0.08020701290799166	5.392903164206759	5.351602789178586	5.456598144134701	5.389035909296129	5.348805435180751	5.44993706405225	6.6367034281415185	6.490024705748676	6.702095250823775	7.725057418948198	7.6312337692526855	7.762278041663195	7.728210941678748	7.646361072436629	7.756030870145281	0.16460000000000002
MNAR	0.3394736842105263	lin	mse	0.00992332335600626	0.00981230750154883	0.009965723664470103	78.82305706725245	77.64306145835724	80.76267772549424	78.77741790423272	77.59554603041163	80.71745988752433	123.75190064083456	122.53610398825161	127.37411661330226	121.58282867683529	118.44221357639172	124.91311585458214	121.76366353961085	118.87420921770824	124.90013424056491	0.16460000000000002
MNAR	0.3394736842105263	lin	rmse	0.09961185964664061	0.09905709213150177	0.09982847121172447	8.877670009249051	8.811530029362508	8.986805757636818	8.875128635621788	8.808833409164441	8.984289615073878	11.123265389272154	11.069602702367037	11.286014204018276	11.025083379006611	10.88311598653583	11.176453634967675	11.03335300549951	10.902944979119551	11.175872862580574	0.16460000000000002
MNAR	0.3657894736842105	lin	ev	0.9999862925848564	0.9999861064222567	0.9999865173651326	0.8827451240692673	0.8819332787674073	0.8838411793901014	0.8829136103438675	0.881819891028008	0.8841288679549744	0.8147473664083522	0.8097871652232541	0.8185181303666051	0.8199363621741333	0.8166838214918759	0.8238896759222316	0.8197088215385188	0.8165569627917482	0.8234721121043497	0.1782
MNAR	0.3657894736842105	lin	mae	0.07987667101826797	0.07944971490445442	0.08043314587131357	5.7240245893195265	5.6696825048985655	5.762254403740581	5.716533104048188	5.658437928648486	5.76398539454026	7.099618378391268	7.12367500828309	7.169722985211732	8.021912103174447	7.982764037187243	8.053528373610389	8.025768943901646	7.996329527985563	8.051158279730043	0.1782
MNAR	0.3657894736842105	lin	mse	0.009888265098155213	0.009824540366439184	0.00994749104421422	84.62449774632971	83.00526010082126	85.81440111375163	84.50365735370949	82.79968239238785	85.89681469184214	133.70670006227144	130.5920727015183	137.8619341859316	129.94083805674754	126.67239384271251	132.21139804231547	130.10504143716983	126.97276108742714	132.30289697716316	0.1782
MNAR	0.3657894736842105	lin	rmse	0.09943615261587736	0.09911881943626641	0.09973710966442842	9.198563331474812	9.110722260107663	9.26360626936139	9.191944989114198	9.099433080823653	9.268053446751487	11.561515176555798	11.42768886089914	11.741462182621532	11.398354135630857	11.254883111019524	11.498321531524306	11.405562731214568	11.268219073457312	11.502299638644576	0.1782
MNAR	0.3921052631578947	lin	ev	0.999986234269713	0.9999860817403327	0.9999862845816062	0.8727148492528759	0.8704612412152164	0.8751507066927885	0.872729191735379	0.870590144997976	0.8753820487190813	0.7998000490139276	0.7975994906195447	0.7999006835362357	0.8068698506797352	0.8050098973174513	0.8065977526821533	0.8066524220389596	0.8043890188943237	0.8072473534395187	0.1928
MNAR	0.3921052631578947	lin	mae	0.07989391597385088	0.07954563043372553	0.08038528716438974	6.083498337996493	5.96721071741306	6.174004886441588	6.080592763400207	5.961661195133965	6.166584748275281	7.491374030218826	7.480522022260268	7.541049071409322	8.362016719264153	8.329923745559547	8.404979406156514	8.36456313215476	8.332748595277854	8.414833050168745	0.1928
MNAR	0.3921052631578947	lin	mse	0.009943781430920997	0.009852637130292408	0.010023791733517542	91.87040404212789	89.21533474562247	94.10040250116428	91.86048676993872	89.05002138445143	94.00676336214994	144.4932684349662	142.98819404226325	147.03393573810888	139.37240313919023	140.5216163133011	140.63087224421878	139.5281800984287	140.09846377184238	141.07868891841605	0.1928
MNAR	0.3921052631578947	lin	rmse	0.0997172915813275	0.09926045098775448	0.10011888799580998	9.583734117072147	9.445386955843707	9.700536196580284	9.583157857288835	9.436631887726225	9.695708502329778	12.01917511280773	11.957767101021128	12.125755058474045	11.804882563702881	11.85418138520333	11.858788818602799	11.81152390162509	11.836319688646567	11.877655026073793	0.1928
MNAR	0.4184210526315789	lin	ev	0.9999860629896296	0.9999858503855933	0.9999860446144355	0.8635984095852534	0.8601654529195055	0.8663990549240239	0.8637253629319698	0.8603016011068931	0.8661255576249105	0.7907238115550035	0.7862133560034186	0.7938386592983627	0.7983776072577571	0.7944010428046112	0.80545227732329	0.7981267971110102	0.7939320828245205	0.8052715372803396	0.2056
MNAR	0.4184210526315789	lin	mae	0.08004127007928123	0.07885135162489419	0.08077456871304817	6.428318471924804	6.346353944413437	6.521356968119097	6.42308849505171	6.334361757457854	6.516295987781678	7.716251483752454	7.661164089779047	7.741218266481576	8.584968925941574	8.415047701471417	8.699931668073361	8.589420997194646	8.41700365266615	8.707384800192298	0.2056
MNAR	0.4184210526315789	lin	mse	0.009909447490626033	0.009685978452993146	0.009961545535420564	98.42149159566316	96.81845147811613	100.85155120832295	98.33056140647024	96.58218568928001	100.75335833553929	151.02053526928995	148.35506870127688	152.77008398743115	145.47374322171504	139.9340207745265	148.28219630183844	145.65562317060318	140.06426154024297	148.62047080053202	0.2056
MNAR	0.4184210526315789	lin	rmse	0.09953841289079515	0.09841736865509637	0.0998075424776132	9.920035502168162	9.83963675539479	10.042487301875116	9.915469411038886	9.827623603358036	10.037597239157352	12.288364182270241	12.180109552104893	12.36001957876407	12.058490964901917	11.82937110646743	12.177117733759431	12.066099410870892	11.834874800361979	12.190999581680414	0.2056
MNAR	0.44473684210526315	lin	ev	0.9999864675817569	0.9999864171262013	0.999986584035761	0.8575887817503712	0.8561332902880557	0.8590057857843202	0.8577595360000256	0.8562102579778097	0.858823143808634	0.7780474804580411	0.777048381747772	0.7802490920725718	0.7878846881037618	0.785296999784699	0.7904093729181055	0.7874895060600332	0.7849284166518922	0.7896493025479638	0.2182
MNAR	0.44473684210526315	lin	mae	0.07926528880184548	0.07897871662683416	0.07926719285011494	6.718882587486125	6.665646345309985	6.764566956256903	6.712152372826743	6.662753009967155	6.756750547976078	8.14906419615558	8.078602367789179	8.182615994764028	8.87031690812105	8.79202283832692	8.92868446444088	8.875214097717599	8.804233086648324	8.928162909116546	0.2182
MNAR	0.44473684210526315	lin	mse	0.009783526435709832	0.009697854824241056	0.009842633436158195	102.76961307828807	102.47878425950994	103.59319254773844	102.64722273055042	102.61153387428804	103.42462913143056	160.19199748064364	159.3343965240181	160.6143931198746	153.0666442955959	150.7540605497661	154.95360148199316	153.351589122034	151.30082082469073	155.0469473391233	0.2182
MNAR	0.44473684210526315	lin	rmse	0.09890138383649034	0.09847768693587931	0.09921004705249462	10.137365774833672	10.123180540695198	10.1780741079901	10.131279931843554	10.129735133471558	10.169790023959717	12.655608143905104	12.622772933235316	12.673373391480052	12.371297935771436	12.27819451506475	12.448036049192385	12.382855668338518	12.300439863057367	12.4517849057524	0.2182
MNAR	0.47105263157894733	lin	ev	0.9999863909415119	0.999986183867593	0.9999865816591572	0.849590361549474	0.848147453296721	0.849091740861224	0.8496973977369537	0.8482309839360047	0.8494192602465302	0.7654454521311216	0.7601922025965995	0.7655057364546183	0.7788118967078775	0.7775240640797476	0.7795701334200619	0.7782860532998456	0.7765086554792101	0.7788469848066242	0.23080000000000003
MNAR	0.47105263157894733	lin	mae	0.07935217903210508	0.0781070051311561	0.08013023981498708	7.040801701355614	7.052526470419687	7.123869508089488	7.035838406240588	7.039506114348507	7.127643852033812	8.546362714671854	8.608725470979914	8.636867883503912	9.139673758746474	9.057691612432064	9.229478808263153	9.148752186753557	9.063950150149683	9.24158846425735	0.23080000000000003
MNAR	0.47105263157894733	lin	mse	0.009798295563874014	0.009585847290559222	0.009965503174194442	108.55100446665332	107.83666049127235	110.30973200342203	108.47441422322217	107.60262030712907	110.24905312359088	169.2862206295693	167.8832886631322	173.45778422217202	159.62259968093187	158.586871607956	161.70212066452754	160.00313956659357	158.93597604881577	161.719031949169	0.23080000000000003
MNAR	0.47105263157894733	lin	rmse	0.09898004869778212	0.09790734033033081	0.09982736685996703	10.417527936353627	10.384443196015487	10.502843995957573	10.413806682806515	10.373168286841253	10.499954910550372	13.009589647659785	12.956978377041933	13.17033728581664	12.633887755675529	12.593127951702707	12.71621487175046	12.648932196282123	12.606981242502734	12.716879803991583	0.23080000000000003
MNAR	0.4973684210526315	lin	ev	0.9999865631917053	0.9999863968855555	0.9999867767053612	0.8452237747901907	0.8414251985203965	0.848766079407881	0.8452521526449603	0.8417346449349641	0.8486809128866368	0.7579391623506151	0.7523271306647266	0.7657194839202824	0.7738441475159383	0.7653726657212074	0.7835776416679953	0.7735204924179561	0.7647349477540722	0.7833661842289752	0.24180000000000001
MNAR	0.4973684210526315	lin	mae	0.07944860785992056	0.07855413119823035	0.07984108911163791	7.2236433354155825	7.138882718339165	7.282451213817748	7.219866705550902	7.136123606648154	7.270816525574235	8.739513389948188	8.612483689799095	8.877211783052527	9.273024683258916	9.085840918557459	9.42271023796552	9.282788326907779	9.093831563910134	9.428049255275148	0.24180000000000001
MNAR	0.4973684210526315	lin	mse	0.009804861424742942	0.009641750045817025	0.009842429086565178	111.7087799837755	109.86034552941233	114.3674080952537	111.68919620808622	109.9222127574442	114.14422897695594	174.71405213019406	170.18819237591276	180.03675958512133	163.20912287575896	156.2404559849033	169.2180588554332	163.44321302121133	156.49615347502393	169.67820354423293	0.24180000000000001
MNAR	0.4973684210526315	lin	rmse	0.09900437947930148	0.09819241338218053	0.0992090171635884	10.567595396021876	10.481428601551046	10.694269872004059	10.566612195300811	10.484379464586553	10.683830257775343	13.214841078143047	13.045619662396753	13.417777743915769	12.772774089677252	12.499618233566308	13.008384175424448	12.781925102714387	12.50984226419438	13.026058634300435	0.24180000000000001
MNAR	0.5236842105263158	lin	ev	0.9999862684104126	0.9999860902487461	0.9999864284421426	0.8357558934051701	0.8341420416199691	0.8360138616882609	0.83578578558914	0.8341839983262926	0.8362130102157808	0.7373790610039579	0.7350410193607162	0.7405177880675644	0.765867509362316	0.762353602768257	0.771969788766697	0.7654700677425659	0.7620548875540947	0.771886371738656	0.2574
MNAR	0.5236842105263158	lin	mae	0.07960671468033212	0.07943708150486611	0.08043903550935053	7.621307896463167	7.552482414406227	7.665362889157223	7.618407894128618	7.544948611588993	7.658804379131594	9.251949365100437	9.209280908935996	9.254305312472736	9.51342380103976	9.411263963554214	9.533389515516753	9.522498110015771	9.41311023235579	9.537137275763214	0.2574
MNAR	0.5236842105263158	lin	mse	0.00988498358877014	0.009785144428995805	0.010084666991532843	118.52858341731329	117.18190656573545	119.7055749131984	118.50779444314014	117.06571290248887	119.58991059862298	189.54990540734974	187.07828710224797	191.09593876370064	168.94137561024368	164.97653789676696	169.81836515446642	169.22848028244772	165.0333406390963	170.03185134527698	0.2574
MNAR	0.5236842105263158	lin	rmse	0.09941832111108147	0.09891988894552907	0.10042244266862285	10.886896836727862	10.825059194560344	10.941004291800565	10.8859177617885	10.81969097999055	10.935717196353561	13.767290614288717	13.677656491601475	13.823745467987344	12.99598215381215	12.844319285067892	13.031437570524076	13.006954265920976	12.846530295729517	13.039626196531746	0.2574
MNAR	0.55	lin	ev	0.9999861516870938	0.9999861406461161	0.9999862657134233	0.8275189593955178	0.8246709350764905	0.8310263593246193	0.8275009482221272	0.8244785751418648	0.8308436245850289	0.7279183622994488	0.7217354946609733	0.7347478693991183	0.7539996377555245	0.7469962522716397	0.7629704436686927	0.7535604009748342	0.745781464310551	0.7625090120008793	0.2702
MNAR	0.55	lin	mae	0.07990713405172441	0.07981201018114716	0.07994488508488685	7.923629673005287	7.839948512633273	8.021786965658146	7.920999117241598	7.8423797085499585	8.025221902963327	9.544599026043235	9.404834743701324	9.65099026473477	9.830445455013239	9.701364219186754	9.935852483006892	9.83797035367611	9.714557465730548	9.95257769230031	0.2702
MNAR	0.55	lin	mse	0.009934823418153407	0.009918442870622737	0.009962141886923258	124.47826923524053	122.74695040159824	127.24009437480909	124.49112274614887	122.7015689143681	127.21752847678374	196.4017103257686	190.84096367240386	200.7349640817856	177.49997363284055	172.28012441167306	180.79248546438433	177.81634159534283	172.6155067174777	181.66057660506485	0.2702
MNAR	0.55	lin	rmse	0.09967175891134708	0.09959137949954673	0.0998105299400983	11.156369688900144	11.079122275776102	11.280075105016326	11.156958004854234	11.077074023151065	11.279074805886507	14.012644216433026	13.81452003047532	14.168096699337763	13.32164302453557	13.12555234691756	13.445909618333165	13.33356525168912	13.138322066286763	13.478151824529387	0.2702
