missing_type	missing_rows_proportion	model	evaluation_metric	drop	drop_lower	drop_upper	mean	mean_lower	mean_upper	median	median_lower	median_upper	random	random_lower	random_upper	regression	regression_lower	regression_upper	stochastic	stochastic_lower	stochastic_upper	missing_cells_proportion
MAR	0.05	lin	ev	0.9999999999984752	0.999999999998459	0.9999999999984915	0.9893372920215511	0.9883008206250161	0.9903369014215941	0.9892982315057886	0.9882173996596484	0.9903510319632742	0.9843111878793672	0.9831823270821576	0.9857012069466402	0.9905740325834828	0.9895176082396389	0.991498629304784	0.9905740325826232	0.9895176082430647	0.9914986293050294	0.024500000000000008
MAR	0.05	lin	mse	0.010022812198685074	0.009940987504857763	0.010116414540976237	70036117.824677	62825633.350275	77593051.27453148	70293059.23026036	62734096.97604869	77927230.29178627	103050253.09469454	93637006.32017052	111553182.59914044	61915696.09800314	55485251.09613447	68606885.90652864	61915696.10357452	55485251.185296744	68606885.91463152	0.024500000000000008
MAR	0.07631578947368421	lin	ev	0.9999999999984752	0.9999999999984625	0.9999999999984902	0.9826270163702269	0.9820407933026818	0.9836777399003633	0.9825650746146043	0.9819031272567371	0.9835955729433322	0.9772212349185125	0.9758530465361196	0.9786976005552791	0.9857287998891746	0.9850340289744379	0.9866328742747902	0.9857287998907688	0.9850340289641305	0.9866328742704099	0.037180000000000005
MAR	0.07631578947368421	lin	mse	0.01001847115012041	0.009943534381095107	0.010105599254004618	114077961.09602956	107788519.50654949	119468540.72514284	114484898.12960483	108077652.23117484	119449147.06649777	149593146.81042993	141056125.32269514	156854383.69060236	93702775.71859659	88399135.28458153	98725145.27255498	93702775.70800169	88399135.2885886	98725145.36805075	0.037180000000000005
MAR	0.10263157894736842	lin	ev	0.9999999999984762	0.9999999999984545	0.9999999999984975	0.9750455653865537	0.9733274997576099	0.9765683450270854	0.9749614294128908	0.9732047024709999	0.9764367371684347	0.9689538660462326	0.9669000617128584	0.970645553476858	0.9801495772640557	0.9788658380874722	0.9817130752530079	0.9801495772664411	0.9788658380875108	0.981713075252968	0.05060000000000001
MAR	0.10263157894736842	lin	mse	0.010025925470474751	0.009925380042583613	0.01012966622871824	163846944.64890966	155201735.16872704	174890980.67815074	164399319.50632998	155942312.01874968	175762527.56026107	203863247.27216092	192453629.4144256	217265959.4024195	130342668.32112923	122132554.31743899	138886203.8994364	130342668.3053514	122132554.3067036	138886203.9353567	0.05060000000000001
MAR	0.12894736842105264	lin	ev	0.999999999998474	0.9999999999984587	0.9999999999984878	0.9682976087993396	0.9669311282289779	0.9698714714164626	0.9681950557206302	0.9668702002947911	0.9696520701510469	0.9619533125029369	0.9600100993092594	0.9637399780566569	0.9756464408933904	0.9743474981577546	0.9767480755030196	0.9756464408972023	0.9743474981526048	0.9767480754893659	0.0629
MAR	0.12894736842105264	lin	mse	0.010033607814761186	0.009940987350922723	0.010108658432730655	208172072.8425256	200146641.33122385	216873044.0313554	208845698.70578834	200958963.78518522	217698321.01685786	249823119.309588	236691511.87896264	260540862.09033334	159902708.95180446	152723276.6266594	169994479.39275524	159902708.92650375	152723276.3482525	169994479.3816796	0.0629
MAR	0.15526315789473683	lin	ev	0.999999999998479	0.9999999999984639	0.9999999999984953	0.9621935693160392	0.9595653460939524	0.9644872423427591	0.9620755952918724	0.9595395909121914	0.9643174322753112	0.9555587757779572	0.9522147941845567	0.9586321581471675	0.9712361534835807	0.9698726276474527	0.9733204007824556	0.9712361534822531	0.9698726276950431	0.9733204007236049	0.07608000000000001
MAR	0.15526315789473683	lin	mse	0.010007130353687983	0.009926233421373477	0.010081845472342633	248291999.9353108	232647603.5776091	264753377.16084903	249067703.28298217	233462621.1494174	266430030.10870898	291861322.7845947	269702194.1343466	311591884.1481723	188905184.57255346	173742377.96117935	200787047.97178936	188905184.58116302	173742378.1037368	200787047.681329	0.07608000000000001
MAR	0.18157894736842106	lin	ev	0.9999999999984744	0.9999999999984504	0.9999999999984961	0.9547373890741142	0.952819416323314	0.956405236901418	0.9545910553632116	0.9527887917323408	0.9562953109220806	0.9475377549942072	0.9454754854813784	0.949536838896409	0.9665222726942669	0.9640341693963512	0.968330749720071	0.9665222726925168	0.9640341693974385	0.9683307497208324	0.08872000000000002
MAR	0.18157894736842106	lin	mse	0.010014775679257652	0.009925148947687262	0.010119008717579564	297146818.63841605	286477790.56190443	310908588.24742264	298108685.24951696	286659831.6314825	311284466.6696084	344425899.8074461	332204280.73995423	360295475.21253765	219812175.63415405	208091615.31523165	233214045.31817925	219812175.64559954	208091615.2627472	233214045.34098914	0.08872000000000002
MAR	0.20789473684210524	lin	ev	0.9999999999984791	0.9999999999984592	0.9999999999984962	0.9474739371794315	0.9458574233919033	0.9495529344686002	0.947293198830083	0.9456458362795245	0.9493436353777779	0.9395953070298223	0.9379725462647784	0.9413472193708005	0.9609789866919825	0.9589033319951632	0.9631615151933072	0.9609789866917642	0.9589033320133009	0.9631615151984304	0.10242000000000007
MAR	0.20789473684210524	lin	mse	0.009991549211524292	0.009923256192890882	0.010062939634375307	344967581.9415079	331901592.2214236	359058537.314427	346154261.0820595	332765923.9657274	360524582.6436953	396690691.6640138	381691007.50706565	411894511.6051804	256283169.9684366	240923706.94317102	269724456.05222964	256283169.9697748	240923706.9481713	269724455.935743	0.10242000000000007
MAR	0.23421052631578948	lin	ev	0.9999999999984781	0.9999999999984579	0.9999999999984973	0.9417271279949425	0.9396048856924388	0.9436212725357412	0.9415723398874759	0.9396954274155064	0.9433919658921726	0.9329088252300434	0.9312823120344176	0.9349766738570819	0.9566565965575766	0.9543594605625728	0.9583483886439509	0.9566565965595507	0.954359460568535	0.9583483886460041	0.11488
MAR	0.23421052631578948	lin	mse	0.010017255731425184	0.00989622076548785	0.010138331424579065	382705692.47566813	369521014.6996671	395815831.6513734	383722514.5034254	370996660.13765216	397430611.07353866	440626352.4803876	428371088.27393	453173592.31391907	284664285.7006557	272898447.1750379	301520776.19268537	284664285.6875021	272898447.1049129	301520776.15857667	0.11488
MAR	0.26052631578947366	lin	ev	0.9999999999984791	0.9999999999984616	0.9999999999984999	0.9356359601111572	0.9342132188955303	0.9378901807328589	0.9354536554368277	0.9341472529205174	0.9375566963914026	0.9266802000557138	0.9248959240923467	0.929022814291572	0.9525124995733246	0.9505070344690197	0.9546868967956387	0.9525124995745274	0.9505070344648253	0.9546868968013249	0.12767999999999996
MAR	0.26052631578947366	lin	mse	0.010006590576274564	0.009918491751106595	0.010106749896404919	422591326.3722794	406571091.82840407	428815132.6206212	423789333.40897536	409493399.7541935	430286034.7715471	481404323.6970048	465645503.63297486	490316846.63189924	311827787.0562812	298392829.21858317	324322221.65361625	311827787.04860187	298392829.1824882	324322221.5456403	0.12767999999999996
MAR	0.2868421052631579	lin	ev	0.9999999999984793	0.9999999999984486	0.9999999999985056	0.9293109472118217	0.9262485285924991	0.931985001692438	0.9290949382855408	0.9261862027755163	0.9315812725777488	0.9198437325170064	0.9160311277606159	0.9230548994180816	0.9483147386276264	0.9450084527642806	0.9506155422398053	0.9483147386272178	0.9450084527624679	0.9506155422381576	0.14001999999999998
MAR	0.2868421052631579	lin	mse	0.009991840958287378	0.009906781266972722	0.010087192344542669	464035060.7427554	448458232.0807577	484186657.943754	465455925.63758904	451243046.4417639	483937419.1499051	526219673.2229358	508640742.67092264	548977862.7617786	339296276.3052002	322456226.0015165	360935025.79026324	339296276.3082092	322456225.94674826	360935025.8021576	0.14001999999999998
MAR	0.3131578947368421	lin	ev	0.9999999999984845	0.9999999999984543	0.9999999999985167	0.9233803656039867	0.921501016555343	0.9256587961506899	0.9231393266395789	0.9211910658240748	0.9253484157011184	0.9134172433819134	0.9107910909071549	0.9154567257032794	0.9437107436843063	0.9415303819146498	0.9456780141361691	0.9437107436812963	0.9415303818776191	0.9456780141348031	0.15333999999999995
MAR	0.3131578947368421	lin	mse	0.009997788328772154	0.009860486281011506	0.010122841579892551	503064053.30229515	492256980.1246807	516518706.4101221	504649561.9652152	493846607.40170157	516803490.3235402	568524972.1636673	556626985.0279716	583911919.6873306	369568575.59539866	359075617.6358605	384658123.6890024	369568575.6149038	359075617.5668551	384658123.7631076	0.15333999999999995
MAR	0.3394736842105263	lin	ev	0.999999999998474	0.9999999999984501	0.9999999999985053	0.9160507054146001	0.9141498330038973	0.9188588355111091	0.9158096385487603	0.9136137195770823	0.9186392807668691	0.905650616853298	0.903464989700614	0.9092696532629907	0.9382327134992821	0.9356588802896406	0.9406245373129676	0.9382327134904692	0.935658880284498	0.940624537329051	0.1664
MAR	0.3394736842105263	lin	mse	0.010011115117980009	0.009858017524083296	0.010123314729038175	551223932.9643532	534427699.98651695	561969040.4897559	552808853.7687777	534569839.6556662	563792393.377037	619541444.4864163	603861129.7421393	631463849.3716152	405561083.491626	388308600.7587807	422071766.539037	405561083.5506557	388308600.6480726	422071766.43892694	0.1664
MAR	0.3657894736842105	lin	ev	0.9999999999984821	0.9999999999984609	0.9999999999985071	0.9106463748514922	0.9089267488220173	0.9126415809180823	0.9104183955873699	0.908730107494861	0.9126031596527233	0.8998592696741432	0.898108494425706	0.9021956498171326	0.9344093049041908	0.9324167858103323	0.9364123903803163	0.9344093049037555	0.9324167858215225	0.9364123903803747	0.17884
MAR	0.3657894736842105	lin	mse	0.010016244333752889	0.009928798150186487	0.010101139827776504	586704457.1855521	573535492.9367027	601823972.8933904	588202453.1902841	574345898.8825765	602819457.8573653	657542468.3588306	638885576.8814163	669416163.0586629	430635495.4966384	414507102.65789676	442734391.69155484	430635495.4999864	414507102.628765	442734391.7169086	0.17884
MAR	0.3921052631578947	lin	ev	0.9999999999984774	0.999999999998447	0.9999999999985063	0.904936332501225	0.9027173931188324	0.9066779064235463	0.9046843958109982	0.9022717754506819	0.9065123896084608	0.8934295151334909	0.8908243749106313	0.8960892855564899	0.9297641136967033	0.9275458827852047	0.9317861153785355	0.9297641136978625	0.9275458827887586	0.9317861153854572	0.19168000000000002
MAR	0.3921052631578947	lin	mse	0.010007793393073488	0.00986256682914228	0.010154241841993414	624266667.2818958	611611678.4418676	641609552.0251143	625922864.5802194	613147959.0392818	640619278.005654	699857315.6030824	679247357.3342621	723104080.8693595	461236120.06137687	447391396.44255465	475817394.92063785	461236120.05387825	447391396.46229607	475817394.92131615	0.19168000000000002
MAR	0.4184210526315789	lin	ev	0.9999999999984874	0.9999999999984611	0.9999999999985164	0.9000160902085894	0.8973986892475649	0.9025052595413556	0.8997673901162142	0.8971148353115971	0.9023257168725459	0.8878589799311772	0.885502008138247	0.8907967258851439	0.9259957936420843	0.9239655543944812	0.9283552765751257	0.9259957936446115	0.9239655543943237	0.928355276607071	0.20484000000000005
MAR	0.4184210526315789	lin	mse	0.009951128144554762	0.009808841450846893	0.010059057871626774	656448534.263913	637209516.3592294	678791723.9129031	658085061.1328957	639476721.8986673	680052337.2198739	736308003.8450971	716798588.3075798	755997892.9270391	485899158.5418685	469062940.6958903	498194686.38475347	485899158.52518296	469062940.70722425	498194686.5307999	0.20484000000000005
MAR	0.44473684210526315	lin	ev	0.9999999999984841	0.9999999999984577	0.9999999999985126	0.8936283447326941	0.8903504557026051	0.8957536707213327	0.8933344642930936	0.8898953875432437	0.8956332895802971	0.8811056032476087	0.8774375591509962	0.8838526954718057	0.9204604267278443	0.9177466059071517	0.9230007051288824	0.9204604267286416	0.917746605910166	0.9230007051269483	0.21756000000000003
MAR	0.44473684210526315	lin	mse	0.009969550670483723	0.009809272010810794	0.010052192032931305	698472937.2121172	682183622.7658724	713079378.7168674	700406117.9102461	683889496.4572755	716316764.3191737	780729729.8338916	761521420.1703383	797951782.5930701	522338963.1825156	503743885.15769076	540778130.3906312	522338963.17759115	503743884.93556464	540778130.4328129	0.21756000000000003
MAR	0.47105263157894733	lin	ev	0.9999999999984809	0.9999999999984531	0.9999999999985162	0.8886678515680378	0.8859689667398656	0.8904892229253103	0.8883261971856546	0.8857594000447407	0.8905109357792362	0.8752687122135828	0.8730259425936935	0.8778121935274628	0.915886465541408	0.9125667412801166	0.9189930960264394	0.9158864655395614	0.9125667412800083	0.9189930960518772	0.23060000000000003
MAR	0.47105263157894733	lin	mse	0.009970350085970248	0.009823684317684395	0.010099771616845228	731028986.6100702	714979259.4976056	748334145.0967371	733270089.1435251	716844991.2779388	750509239.5793996	819033931.3425474	802121880.803576	838878118.3940461	552302477.9321436	532147288.7620924	567383441.067789	552302477.9441514	532147288.7810634	567383441.1319215	0.23060000000000003
MAR	0.4973684210526315	lin	ev	0.9999999999984833	0.9999999999984618	0.999999999998515	0.8832284073163713	0.8800398932265303	0.8863182685909903	0.8829567552673859	0.8794791651839341	0.8863985698204215	0.8690325089160176	0.8664172870215868	0.8713909408327105	0.911238724242558	0.9080920164033579	0.9139646624050377	0.9112387242430335	0.9080920164074961	0.913964662396924	0.24345999999999995
MAR	0.4973684210526315	lin	mse	0.009941410585164486	0.009789430650682622	0.010091764301865702	766786233.9962157	744863574.6080962	782904466.2612863	768577476.9914247	745687714.7212002	782927734.3287836	859992269.3601334	843716197.0783931	876236266.2213749	582878859.5722516	560376280.2018387	597488008.5923679	582878859.5688095	560376280.2281964	597488008.6339712	0.24345999999999995
MAR	0.5236842105263158	lin	ev	0.9999999999984897	0.9999999999984618	0.9999999999985204	0.878832982627312	0.875891210202204	0.8813028805687765	0.878474634437257	0.8759433389079008	0.881131591669104	0.8633464789171493	0.8600194315564493	0.8667672779820421	0.906931311006124	0.9045898593341836	0.9101269959355022	0.9069313110075474	0.9045898593649094	0.9101269959282616	0.25636
MAR	0.5236842105263158	lin	mse	0.009952566380592134	0.009815374164784854	0.010068281544758338	795677020.3855916	773061240.5064946	818098006.8549837	798032420.242182	775014770.4052906	820276248.7606212	897378686.4364188	873529449.80651	919574959.7620367	611147279.5639457	590326440.7761481	634355579.0073252	611147279.5546857	590326440.741352	634355579.0753131	0.25636
MAR	0.55	lin	ev	0.9999999999984953	0.9999999999984757	0.9999999999985214	0.8740294010572822	0.8716943410223609	0.8765994541637956	0.8736896502403633	0.8710962889477716	0.8761213060284998	0.8582320329838304	0.8552979879029979	0.8611497806565837	0.9019454901613149	0.8981222234358857	0.9057105737704443	0.9019454901665844	0.8981222234194169	0.9057105737745881	0.26896000000000003
MAR	0.55	lin	mse	0.009903879119376008	0.009776074383788507	0.010071465777894473	827131081.5562047	809315793.7770255	842538514.2649289	829360762.0422409	810782275.2033898	845010305.0608735	930914153.5308493	912816909.8130274	950888742.2471555	643810393.2022446	619197020.024029	669620295.796201	643810393.1676869	619197020.0746756	669620295.912611	0.26896000000000003
MCAR	0.05	lin	ev	0.9999999999984727	0.9999999999984552	0.9999999999984887	0.9899413218876483	0.9890302996128948	0.9908992053501637	0.9899409825013155	0.9890312974562689	0.99088157302748	0.985650439820931	0.9850508502513229	0.9865991110596347	0.9915955182846143	0.9908563606732551	0.9923556974956865	0.9915955182833219	0.9908563606574325	0.9923556974884631	0.024740000000000005
MCAR	0.05	lin	mse	0.010031865311308261	0.0099476167200327	0.010114427330823104	66027990.448261835	60173144.53993702	71609193.4694854	66030136.80203611	60286420.41226159	71660389.68607534	94198929.12348966	87748801.08104299	98697328.06959184	55161773.49870799	50389937.8909635	60412217.45381761	55161773.50747917	50389937.91923329	60412217.54149366	0.024740000000000005
MCAR	0.07631578947368421	lin	ev	0.999999999998472	0.9999999999984588	0.9999999999984829	0.9837310604370364	0.9828455941627434	0.9847408721446945	0.9837287410195015	0.9828453529399483	0.9846922973169026	0.9789859597484777	0.9781832397062056	0.9798067243261072	0.9874886978926426	0.986536360575263	0.9884573733419132	0.9874886978930405	0.9865363605742258	0.988457373334738	0.03732
MCAR	0.07631578947368421	lin	mse	0.010038925795422805	0.00994395789865936	0.010117525995570403	106852608.55183752	99511068.37950116	112759151.20019199	106868029.9533929	99548275.55451883	112872010.0824654	138026242.18340018	131597766.32571742	145598600.35301143	82174343.76497635	75903192.33214219	88508240.7879996	82174343.76247512	75903192.38521393	88508240.74923027	0.03732
MCAR	0.10263157894736842	lin	ev	0.9999999999984729	0.9999999999984528	0.9999999999984965	0.9771011692054513	0.9760411165161743	0.9780957607554213	0.9771014652236092	0.9760479699871896	0.9781096643110404	0.971979071553476	0.970523945598516	0.9735370300832609	0.9829871833388331	0.9819789639488552	0.9839738084356522	0.9829871833381318	0.9819789639543363	0.9839738084363053	0.05022
MCAR	0.10263157894736842	lin	mse	0.01002096514282434	0.009961774088216017	0.010085888649894605	150342193.7169335	143226490.01719528	157561408.65019396	150340148.6160778	143310456.74066994	157561121.7284949	183960293.3802365	173017759.42661867	195044079.4414469	111704637.96494363	105276921.16388755	117678542.28193398	111704637.96976908	105276921.15899199	117678542.23360494	0.05022
MCAR	0.12894736842105264	lin	ev	0.9999999999984748	0.9999999999984599	0.9999999999984909	0.9703597188768264	0.9690751213133588	0.97166955079982	0.9703634017716125	0.9690982083868069	0.9716577591278609	0.964888310541085	0.9634713674713565	0.9661976801514249	0.978242123860597	0.9771511310388811	0.9791155896675883	0.9782421238614689	0.9771511310445948	0.9791155897016663	0.06328000000000002
MCAR	0.12894736842105264	lin	mse	0.010013536137133745	0.00994546083447692	0.010082760169770178	194641855.31727323	185883524.7621665	202466617.30169114	194617795.43479243	185847891.10125583	202467395.08134317	230582375.09933937	220865412.93205017	240812568.45116377	142857291.6384473	138118129.77589536	150347663.3435735	142857291.63253263	138118129.84385	150347663.3701056	0.06328000000000002
MCAR	0.15526315789473683	lin	ev	0.9999999999984714	0.999999999998454	0.9999999999984859	0.964191317512531	0.9627670891046017	0.9661401260363846	0.9641903160934135	0.9627757071609189	0.9661327428871483	0.9578543227612693	0.9567169451179207	0.9591707299771524	0.9742131335997244	0.9729141369860106	0.9755816151870766	0.9742131336008962	0.972914137065315	0.975581615189142	0.07622000000000001
MCAR	0.15526315789473683	lin	mse	0.010026503418826766	0.009945682019197408	0.010100056487839787	235180437.44220075	223556911.42638284	244537025.22328866	235187274.24387988	223555031.79752627	244439948.52051416	276803686.6320866	268109201.7396324	284622972.78568673	169315205.27815476	159751729.3727805	178500906.6973247	169315205.2705263	159751729.4318415	178500906.66097534	0.07622000000000001
MCAR	0.18157894736842106	lin	ev	0.9999999999984727	0.9999999999984519	0.9999999999984931	0.9581908838185944	0.9568435540341116	0.959194143650835	0.9581962785518872	0.9568635603691242	0.9592788800596721	0.9516417190878428	0.9495830092394308	0.9526801758072808	0.9705566305827205	0.9693734794812021	0.9719155407617895	0.9705566305822589	0.9693734794763494	0.9719155407776232	0.08846
MCAR	0.18157894736842106	lin	mse	0.01001319318354782	0.009899979503066687	0.010102855946057091	274481544.2061283	267361348.02796498	282993178.44215584	274446355.8536365	267277829.4827494	282929028.75979674	317474706.71939665	310393706.2851819	329559021.36259365	193276007.64949223	185881451.06344217	201702462.21445674	193276007.65253776	185881450.95868936	201702462.21478197	0.08846
MCAR	0.20789473684210524	lin	ev	0.9999999999984729	0.9999999999984579	0.9999999999984909	0.9520595782857008	0.9509863173595487	0.9528570677256734	0.9520630464655863	0.9509962514114151	0.9528760641782938	0.9449072289895066	0.9438662680930897	0.9459626454036364	0.966398146498924	0.9653287398290369	0.967628182115845	0.966398146500243	0.9653287398302322	0.9676281821185851	0.10172000000000005
MCAR	0.20789473684210524	lin	mse	0.010016825451426166	0.009929685228906526	0.010100788786743295	314815205.33661497	308762100.04501224	322680050.4770701	314791976.66607535	308662950.83711976	322591289.2554384	361783526.77301973	353974370.5018903	371577827.7586224	220687569.05662793	213161282.78526217	228907927.69461977	220687569.04802802	213161282.75873575	228907927.62202477	0.10172000000000005
MCAR	0.23421052631578948	lin	ev	0.9999999999984783	0.9999999999984608	0.9999999999985006	0.9466461150675536	0.9450641969022502	0.9480882022837374	0.9466416450899919	0.9450836175314459	0.9480359970150324	0.9391043079948712	0.9372093910685351	0.9412726449262638	0.9625746063320988	0.960927990828225	0.9641485830502481	0.9625746063309397	0.9609279908255581	0.9641485830562312	0.11464000000000006
MCAR	0.23421052631578948	lin	mse	0.01001205022065859	0.009920046271580392	0.010088074384447863	350333587.93887115	340777361.80758595	360339997.31109405	350363476.9673467	340939362.9152346	360292432.1595787	399865397.591361	387759018.49681723	413858370.77732146	245758317.05312473	237123673.27091384	255974719.22872916	245758317.0606209	237123673.2979222	255974719.20545906	0.11464000000000006
MCAR	0.26052631578947366	lin	ev	0.999999999998476	0.9999999999984638	0.9999999999985035	0.9405284934515304	0.9391732231620284	0.9420428505171594	0.9405243917090231	0.9391762785675937	0.9420480640830611	0.9322186219827968	0.9305520439082465	0.9337909601286885	0.9580596929049315	0.9565079930357356	0.9597266356943185	0.9580596929059106	0.9565079930215279	0.9597266356756278	0.12737999999999997
MCAR	0.26052631578947366	lin	mse	0.010000102743340306	0.009880636353292664	0.010089083751385345	390536926.8374732	379600200.131136	399760724.5826567	390564161.19353545	379616659.5601472	399765654.7121494	445108471.7817331	431979662.88659304	456373538.002985	275426260.00622773	265860860.86411673	284500967.3856161	275426259.9999031	265860860.8573837	284500967.45895827	0.12737999999999997
MCAR	0.2868421052631579	lin	ev	0.9999999999984748	0.9999999999984457	0.9999999999984959	0.9347183662776644	0.9330391774404505	0.9360017057516383	0.9347169591847849	0.9330437054413199	0.9359867877258328	0.9260607630737202	0.9240137939894498	0.9276616375132729	0.9534201353445827	0.9514229474606765	0.9550920661050685	0.9534201353412091	0.9514229474762577	0.9550920661124529	0.14042000000000002
MCAR	0.2868421052631579	lin	mse	0.010002430234165978	0.009908611369112563	0.010084542507282112	428648411.952289	417784901.1978041	439011756.88350254	428658117.2353087	417963437.3647458	439004621.8763737	485497582.60363525	472464487.8831109	497323221.67471933	305850303.4508727	295989692.6314887	315898017.26550853	305850303.4728709	295989692.63023406	315898017.2507807	0.14042000000000002
MCAR	0.3131578947368421	lin	ev	0.9999999999984819	0.9999999999984601	0.9999999999985072	0.9297894735485996	0.9283787832855607	0.9311753646014572	0.9297935598066155	0.9283811386374461	0.9311830877689412	0.9208211033721079	0.9191779600923137	0.9228090175033129	0.9503801007276833	0.9485546756563404	0.9519143930932006	0.950380100732848	0.9485546756817946	0.9519143930945029	0.15295999999999996
MCAR	0.3131578947368421	lin	mse	0.009986665584311476	0.009872322142822272	0.010104303271748792	461020462.6388665	452670495.4000859	470067226.8751744	460993375.1283529	452674108.26537704	470100235.93682814	519917691.01089567	507381414.7814808	529193885.4328735	325804988.12242126	317326774.77970195	339552204.8475708	325804988.0885173	317326774.7318698	339552204.5024323	0.15295999999999996
MCAR	0.3394736842105263	lin	ev	0.9999999999984819	0.9999999999984617	0.9999999999985042	0.9244677651970363	0.9234159228744967	0.925458932458791	0.924468266227968	0.9234837125892337	0.9254457530384922	0.9147622195742774	0.9130700934652589	0.9160975446185791	0.9462985168631315	0.9448493628644613	0.9484162509713173	0.9462985168648278	0.9448493628652707	0.9484162509684511	0.16598000000000002
MCAR	0.3394736842105263	lin	mse	0.009994450514601188	0.00990678025963485	0.010089399020436748	495931925.593631	489516704.6768543	504615088.33665794	495928337.2186687	489497950.8615243	504435596.67652583	559661398.2905332	548506894.8095067	569135026.8859111	352597355.96503675	341126914.1525115	363033052.3392253	352597355.9537116	341126914.18386334	363033052.33633745	0.16598000000000002
MCAR	0.3657894736842105	lin	ev	0.9999999999984748	0.9999999999984446	0.9999999999984985	0.9188822511659073	0.9170269330099807	0.9202071232520525	0.9188783186225946	0.9170246080896487	0.9202047511292758	0.9087574095817587	0.9071070915021733	0.9102946272979416	0.941805479235105	0.9400836748087178	0.9437075419658497	0.9418054792385072	0.9400836748159451	0.9437075419724523	0.1793
MCAR	0.3657894736842105	lin	mse	0.009993154765181228	0.00987854070384122	0.01011328227151178	532652697.3647688	520373033.6611199	544706222.5271417	532678164.9337666	520272590.9769937	544406886.4668009	599160889.5378495	586147794.3150634	615016142.9705539	382132310.7179056	368559986.5172325	392673489.3962697	382132310.695392	368559986.5306332	392673489.41298264	0.1793
MCAR	0.3921052631578947	lin	ev	0.9999999999984851	0.9999999999984611	0.999999999998507	0.9142354513547194	0.9125479585909864	0.9161388112479304	0.9142307029169483	0.9125546003351782	0.9161359353813275	0.903599532685081	0.9013994595334679	0.905335675661237	0.9380825808894016	0.9359307584440858	0.9396839653519735	0.9380825808908207	0.9359307584383738	0.9396839653561975	0.19198000000000004
MCAR	0.3921052631578947	lin	mse	0.00997553212246315	0.00984457858525847	0.010060136366794205	563118627.3551649	552562082.5388343	572682351.4889779	563150287.2375176	552646380.6905394	572657961.3077111	632957018.1450381	618500457.529242	648302428.0279067	406538843.48912805	396408630.7915129	416391223.2434255	406538843.4798379	396408630.8074208	416391223.2403085	0.19198000000000004
MCAR	0.4184210526315789	lin	ev	0.9999999999984849	0.9999999999984613	0.9999999999985064	0.9095436598142652	0.9080320343457231	0.9106911874395855	0.9095470848221648	0.9080808609061555	0.9106857323346433	0.898005141968866	0.8967228914401448	0.8993881204458759	0.9347554558317244	0.9328303692222762	0.9356372838133803	0.9347554558332467	0.9328303692264702	0.9356372838208917	0.20488000000000003
MCAR	0.4184210526315789	lin	mse	0.009977184657824021	0.00985415910859331	0.010109476427596128	594003766.1694428	582741954.8159921	606373715.6204102	593981092.7799075	582697859.1939285	605941238.5054078	669782208.1415036	653387496.1849413	683872795.0567523	428439017.378325	423552958.29695976	437927538.01043373	428439017.36811715	423552958.3064334	437927537.9734421	0.20488000000000003
MCAR	0.44473684210526315	lin	ev	0.9999999999984813	0.999999999998451	0.999999999998518	0.9047794402446857	0.9033983097547179	0.9064233229230778	0.9047712960737592	0.9034158349908267	0.9064154735003205	0.8925879413309942	0.8911866063736674	0.8941803250612916	0.9298955103064879	0.9275693579144688	0.9325570880539549	0.9298955103075501	0.9275693579309133	0.9325570880634797	0.21790000000000007
MCAR	0.44473684210526315	lin	mse	0.009947305960996284	0.009819036242262526	0.010052654064917826	625245837.2584072	612961944.7918336	634126346.837664	625299761.228237	612989734.7273283	634088966.3745387	705330432.4121743	694074253.7869344	717538152.2679852	460275043.0888446	442132037.7026376	476328061.5942245	460275043.0819142	442132037.73196447	476328061.5988505	0.21790000000000007
MCAR	0.47105263157894733	lin	ev	0.9999999999984839	0.9999999999984565	0.9999999999985136	0.9004564842604661	0.8987688580769	0.9019790371158292	0.9004556058567263	0.898768834460588	0.901961320529145	0.8874445970231316	0.886027758855047	0.889554042391932	0.9253743192276773	0.923124541725738	0.9270794949663304	0.9253743192269497	0.9231245417267216	0.9270794949733583	0.2304199999999999
MCAR	0.47105263157894733	lin	mse	0.00991575577341531	0.009797154681318946	0.010003922128554981	653665775.5114942	641477622.2029061	664767525.2874799	653671190.1226081	641451372.3858144	664773070.6032289	739135923.041427	726270660.2941713	749572042.6623263	490017415.4642122	478083299.3993724	507268875.48925364	490017415.4688265	478083299.401194	507268875.46599424	0.2304199999999999
MCAR	0.4973684210526315	lin	ev	0.999999999998484	0.999999999998453	0.9999999999985135	0.8967902462398056	0.8951969908039156	0.8986653308074251	0.8967868501008702	0.8951772343560807	0.8986784600813682	0.8833795917382689	0.8814363669573088	0.8851982662724914	0.9221445817427814	0.9202547723105733	0.9243077111015978	0.9221445817417981	0.920254772318222	0.9243077110881757	0.24331999999999987
MCAR	0.4973684210526315	lin	mse	0.009952866496664168	0.009795047073345949	0.010082169161818436	677739482.4800111	664763134.4551651	689221732.07586	677761794.0367117	664524694.012352	689437591.2506666	765820803.1267096	749617366.9036032	782141604.3396442	511285848.45438457	493693326.9903494	525065257.6751194	511285848.4605903	493693327.0785473	525065257.4846375	0.24331999999999987
MCAR	0.5236842105263158	lin	ev	0.9999999999984746	0.9999999999984301	0.9999999999985183	0.8933331394547122	0.8920582095144833	0.8948352875723081	0.8933246345258499	0.8920572626608663	0.894846517395503	0.8786100817452491	0.8772318637708225	0.8798062833701521	0.9188787507632806	0.9170935424289662	0.9215436491760163	0.9188787507636266	0.9170935424315946	0.9215436491951847	0.2557400000000001
MCAR	0.5236842105263158	lin	mse	0.009997938741374314	0.009837818323314014	0.010156647211895863	700459651.227888	689590846.9228852	713554652.1358612	700515260.8166219	689698823.7060655	713493729.3186382	797135557.2845267	785178145.1057451	808472969.0486746	532689050.1097745	514827113.4208537	543655436.3643026	532689050.10763067	514827113.41385245	543655436.3396713	0.2557400000000001
MCAR	0.55	lin	ev	0.9999999999984763	0.9999999999984461	0.9999999999985155	0.890191187393958	0.8887345477291532	0.8913358937070766	0.8901845640751895	0.8887347821559545	0.8913477054852466	0.8748935300835505	0.8737370545403291	0.8761749111176129	0.9143992528670281	0.9118634675290904	0.9167161197684437	0.9143992528673557	0.9118634675143111	0.9167161197590707	0.26912
MCAR	0.55	lin	mse	0.009968821756644932	0.009848759865968804	0.010138631748776328	721011796.1334152	711538490.5605077	731161774.2075273	721055369.0003546	711594002.7477868	731266390.2427061	821495812.586268	809016465.4260187	834065735.8529663	562061548.1616467	547041583.606852	578516364.1742179	562061548.1595346	547041583.6038042	578516364.0939934	0.26912
MNAR	0.05	lin	ev	0.9999999999984719	0.9999999999984621	0.999999999998486	0.9907198647475428	0.9900886352614885	0.991287207328175	0.99072621029926	0.990078920730983	0.991292043701637	0.9870703184629122	0.9863516602669233	0.9877606767146955	0.9929317174881676	0.992379719176762	0.9935248104919323	0.9929317174897515	0.9923797191760995	0.9935248104814185	0.024399999999999998
MNAR	0.05	lin	mse	0.010032248835797154	0.009957484960301683	0.010097533048395443	60937512.55239868	57088118.483243436	65027339.7773768	60895734.62079201	56998359.78838659	65050095.23941229	84900910.59366457	80151081.8442821	88729343.90644753	46385960.97977925	42423304.09168141	50095136.223491065	46385960.969197504	42423304.093029395	50095136.21797574	0.024399999999999998
MNAR	0.07631578947368421	lin	ev	0.9999999999984698	0.9999999999984582	0.9999999999984847	0.984636468183867	0.9838639427133489	0.9854777087415925	0.9846475867237179	0.9838753462998034	0.9854878973580401	0.9806352291288256	0.9798123996834646	0.9814583782467061	0.989023374729394	0.9885578024554245	0.9895193320874948	0.9890233747282947	0.988557802455146	0.9895193320898285	0.03734
MNAR	0.07631578947368421	lin	mse	0.010031311863557164	0.009964006027689726	0.010110120155408098	100870856.58338036	94787173.66549012	106196505.19145769	100797815.81225672	94644345.89753726	105867319.79984066	127155926.6966825	121457183.75628853	132457363.94487952	72059760.18760003	68957814.73312145	75101443.20521317	72059760.19470377	68957814.78633147	75101443.17885494	0.03734
MNAR	0.10263157894736842	lin	ev	0.9999999999984703	0.9999999999984465	0.9999999999984884	0.9788563504786305	0.9779486860280872	0.9796268753918633	0.9788652524798676	0.9779682036535391	0.9795831922346396	0.9741870880857247	0.9730790321753534	0.9752242932599652	0.9853597166904591	0.9850225187540904	0.98592774791102	0.9853597166869218	0.9850225187354822	0.985927747913148	0.05032000000000001
MNAR	0.10263157894736842	lin	mse	0.010045592095264804	0.009950605286414015	0.010122385445111478	138810376.38031206	133870300.64743593	144521681.14461577	138751703.26225695	134015501.78263496	144489668.1413228	169477707.08902875	163262426.85555583	175688881.09788996	96127788.25938056	92283700.80230753	98935137.1995647	96127788.28265242	92283700.77812156	98935137.1736378	0.05032000000000001
MNAR	0.12894736842105264	lin	ev	0.9999999999984724	0.9999999999984513	0.9999999999984885	0.9730932767153533	0.9719233180741791	0.9742751950485911	0.973112098719252	0.9719249374582307	0.9743027216425736	0.9679107286186699	0.9666267755598961	0.9695648092369383	0.9817372902319296	0.981027059788399	0.9827587161353729	0.9817372902303735	0.9810270597882434	0.982758716137487	0.0628
MNAR	0.12894736842105264	lin	mse	0.010035526158081405	0.009966173799917055	0.010099727661398248	176678059.687197	169169953.52036506	184509295.37935868	176553692.8347375	169039983.40268147	184408795.3005999	210709278.73582006	200452647.675965	218191520.5673493	119922452.50955705	113974206.73112726	124731219.8131753	119922452.51985721	113974206.72407241	124731219.81310062	0.0628
MNAR	0.15526315789473683	lin	ev	0.999999999998474	0.9999999999984562	0.9999999999984927	0.9671580466786012	0.9656538244601476	0.9686765710234619	0.9671905850189552	0.9657158847116063	0.9686591526181475	0.9615569370874429	0.9599131450788647	0.9630493433545017	0.9777933152466807	0.9768276667496821	0.9789739049804693	0.9777933152487297	0.9768276667584361	0.9789739049758421	0.07618000000000003
MNAR	0.15526315789473683	lin	mse	0.010026553451547708	0.009937635325375269	0.010086113592369295	215627984.27446285	205989801.59758958	225008953.4685034	215414849.9453279	205917196.7020674	224515059.80729502	252413331.12388423	243279530.6099416	262695363.44143853	145810876.30284843	137868960.75769383	153103525.7152037	145810876.28944537	137868960.7969234	153103525.48762685	0.07618000000000003
MNAR	0.18157894736842106	lin	ev	0.9999999999984742	0.9999999999984557	0.9999999999984901	0.9614787007191855	0.9605393137157905	0.9622504973570825	0.9615091364886341	0.9605740749636342	0.9622812614025698	0.9554666018014722	0.9545925187412749	0.9564751673343924	0.974280703625637	0.9734673108349479	0.9753065600935806	0.974280703625952	0.9734673108506056	0.9753065600939164	0.08870000000000001
MNAR	0.18157894736842106	lin	mse	0.01001869151376159	0.00991614020748961	0.010090076223110929	252932160.61381957	247603941.41713867	259916170.65510738	252732470.1369399	247522971.4804588	259880668.36188018	292424952.51819754	286683419.15274835	298246649.0109872	168866999.92439845	161573505.26626292	172817179.4690266	168866999.92250305	161573505.2741973	172817179.42695665	0.08870000000000001
MNAR	0.20789473684210524	lin	ev	0.9999999999984753	0.9999999999984568	0.9999999999984948	0.9558351461638708	0.954302912232056	0.9570315249291638	0.9558803164790526	0.954314176818062	0.95704107516827	0.9490821543772949	0.9476627854545696	0.9507380792959842	0.9706472874007754	0.9695428487887906	0.9718761633578135	0.9706472873999036	0.969542848796603	0.9718761633544982	0.10114000000000002
MNAR	0.20789473684210524	lin	mse	0.01000772877356166	0.009916233646150319	0.010106754581346886	290001531.7193125	280303233.99813175	298571913.808249	289704168.35148543	280143819.6810959	298243114.03654027	334371938.0136076	323858213.0073803	344568463.5486511	192727433.60162032	184559067.86407006	201061986.5489766	192727433.6073223	184559067.97486687	201061986.51785645	0.10114000000000002
MNAR	0.23421052631578948	lin	ev	0.9999999999984795	0.9999999999984598	0.9999999999984983	0.9500421207601639	0.9489341547315147	0.9513783787165314	0.9501045465716385	0.9490226049721351	0.9514360311374757	0.9428991006691105	0.9417584744729542	0.9440922998525377	0.9665347700300505	0.9651101187705995	0.9679776736430504	0.9665347700300945	0.9651101187798132	0.9679776736445249	0.11514000000000003
MNAR	0.23421052631578948	lin	mse	0.009990240388330933	0.009895623771910417	0.010110866500247256	328016695.4097681	320709193.71453077	335627695.18175304	327606723.32374716	320159832.33570683	335070525.3360059	374933914.25980574	366973324.08828783	382199548.28018826	219706824.06743515	209834738.80411154	228843686.68870366	219706824.06709027	209834738.80450577	228843686.67405987	0.11514000000000003
MNAR	0.26052631578947366	lin	ev	0.9999999999984769	0.9999999999984532	0.9999999999984985	0.944228392755421	0.9430451145909317	0.9453088675776951	0.9442899642558588	0.9431768214035671	0.9453585575425054	0.9365463096671434	0.9352071402617191	0.9377914411546419	0.9630441292555247	0.9618120160856942	0.9643747590954651	0.9630441292546007	0.9618120160862974	0.9643747591042493	0.12769999999999998
MNAR	0.26052631578947366	lin	mse	0.009992352515690925	0.009925184993681712	0.010059321524957827	366188338.43140936	358552444.24057007	373877477.021209	365783075.9062791	358001571.7185129	373573495.62687635	416638463.7435128	407027864.0801579	425309596.5499608	242615214.91873932	234096785.70514506	250280856.79986638	242615214.92508426	234096785.70588848	250280856.78976268	0.12769999999999998
MNAR	0.2868421052631579	lin	ev	0.9999999999984778	0.9999999999984528	0.9999999999984988	0.9394300682337446	0.9381299170442288	0.9408037873501068	0.9395122334264269	0.9382627508039811	0.94083492855496	0.9311763441253637	0.9295529439716754	0.932682845281938	0.9594175255989521	0.958519122055372	0.960390169053132	0.9594175255992239	0.9585191220409504	0.9603901690482536	0.14060000000000003
MNAR	0.2868421052631579	lin	mse	0.010031569662010329	0.009936704132974403	0.010109886431069273	397737955.43211305	386877566.6616627	408136126.89442545	397198578.6495408	386661694.88592756	407423439.7979322	451941209.0715274	439256705.8761832	464579544.88959074	266474905.85685998	259808076.2352337	274641521.04544944	266474905.8550912	259808076.22244456	274641521.05949163	0.14060000000000003
MNAR	0.3131578947368421	lin	ev	0.9999999999984714	0.9999999999984475	0.9999999999984963	0.9339465631056743	0.9329919983170725	0.9349758155450966	0.9340275963530729	0.9330748563614841	0.9350694444803246	0.9251077631815086	0.9239202198125439	0.9264131079214664	0.9555940115199028	0.9535469098640159	0.9570934768566295	0.955594011520665	0.9535469098758339	0.9570934768451159	0.15319999999999995
MNAR	0.3131578947368421	lin	mse	0.01001262205939726	0.009909658952899372	0.010104369957002413	433750671.1764659	423555585.9067982	442377254.11358196	433218208.81915885	423221348.11658543	441603881.3373091	491806668.7000592	481789224.20008564	500527151.4259272	291585356.81039274	280679379.10860074	303042173.9679239	291585356.8052829	280679379.10967135	303042173.8898889	0.15319999999999995
MNAR	0.3394736842105263	lin	ev	0.9999999999984788	0.9999999999984538	0.9999999999985081	0.9287445551386019	0.9275505424537651	0.9298167715763593	0.9288427002940707	0.9276767379831699	0.9299028291024595	0.9193886622284907	0.9180974987619867	0.9204676229684772	0.9519111873358725	0.9505560025202889	0.9532451948952653	0.9519111873320965	0.9505560025140686	0.9532451948673675	0.1664
MNAR	0.3394736842105263	lin	mse	0.009975333414793746	0.00986397387252897	0.010081130344234732	467888009.1617867	457803155.29751474	479421916.2362901	467242165.0037071	457359369.28444946	478668756.9136704	529331231.76598656	521783379.13586915	540690773.8574433	315765758.9212759	307245118.66138035	324359410.6834971	315765758.94623274	307245118.7574481	324359410.6734069	0.1664
MNAR	0.3657894736842105	lin	ev	0.9999999999984774	0.9999999999984563	0.9999999999985036	0.9239207356621791	0.9227008304150888	0.9252034545925912	0.9240347315941309	0.9228271984959238	0.9252827208544878	0.9141141981632268	0.9124634703163756	0.9161197612232685	0.9483368673249101	0.9468528436377784	0.9499663152379665	0.9483368673272514	0.9468528436385115	0.9499663152299	0.1788200000000001
MNAR	0.3657894736842105	lin	mse	0.009988082811815043	0.00982889350973103	0.01009407692750826	499561610.0529121	489346974.16251475	508404046.6702537	498811310.11082625	488794350.7945327	507423990.6815548	563975464.9485322	550802521.0795723	572231889.7187569	339243225.77641034	326982216.1881704	350654117.26448846	339243225.76137155	326982216.1330109	350654117.23789907	0.1788200000000001
MNAR	0.3921052631578947	lin	ev	0.9999999999984827	0.9999999999984669	0.9999999999985069	0.9195015640677668	0.9184441716451257	0.920492240656531	0.9196230595728694	0.9185344512708304	0.9206226164841431	0.9088886990356835	0.9080291676505768	0.9100018301843531	0.9446674126828621	0.9434037225856964	0.9458099034445036	0.9446674126803688	0.9434037225877762	0.9458099034403051	0.19196000000000002
MNAR	0.3921052631578947	lin	mse	0.009965244548272531	0.009860193696449736	0.010106275370539259	528603097.35798854	520391496.5297878	538869041.2575068	527803949.1647475	519690146.342368	537815114.9202766	598320781.5378386	588457483.047652	609141062.1025039	363297513.05162644	355013573.3869952	372550754.79726285	363297513.0679417	355013573.3491807	372550754.7141787	0.19196000000000002
MNAR	0.4184210526315789	lin	ev	0.9999999999984753	0.9999999999984496	0.9999999999985023	0.9147065009434802	0.9134839648526223	0.9160533212086508	0.9148400906507956	0.9136600213456122	0.9161696013190639	0.9035293998639072	0.9021743435897018	0.9051415404310557	0.9408904136557494	0.9393417787234812	0.9424537244111588	0.9408904136564602	0.9393417787272204	0.9424537244072351	0.20466000000000012
MNAR	0.4184210526315789	lin	mse	0.009977375457774773	0.009860166606054904	0.010083571271544516	560052807.9413563	552033432.0756785	567654073.2908549	559174262.0830826	551297232.4240557	566849963.0371342	633483463.0593293	623688449.9525452	642211716.228392	388082956.092564	376670083.6389477	395489151.75718045	388082956.0876474	376670083.6282849	395489151.7925751	0.20466000000000012
MNAR	0.44473684210526315	lin	ev	0.9999999999984843	0.999999999998455	0.9999999999985202	0.9106677808535973	0.9094076466658676	0.9117220853715126	0.9107964215819697	0.9095477474365665	0.9118519222447338	0.8987420538374218	0.8976566162694195	0.8998100349444307	0.9364903833374063	0.9345402371490612	0.9387958793678497	0.9364903833358333	0.9345402371244064	0.9387958793624926	0.21761999999999998
MNAR	0.44473684210526315	lin	mse	0.00997064993031492	0.009802620890670608	0.010177025843425254	586587654.67693	579243781.121038	594084157.8189256	585741550.6481686	578852056.7176074	593091804.3357898	664927688.9451576	656210050.3519169	674922375.7571567	417014876.640791	401123186.93978	428961780.3565736	417014876.65102637	401123186.9322029	428961780.4214338	0.21761999999999998
MNAR	0.47105263157894733	lin	ev	0.999999999998481	0.9999999999984521	0.9999999999985116	0.9064402079762867	0.9050182865108458	0.9076423302722019	0.9066017861625271	0.9051984160520324	0.9077451361102499	0.8939921186891309	0.8922648811456394	0.8953268171747714	0.9334857153687932	0.9315830571820366	0.9358041788364925	0.9334857153692387	0.9315830571869693	0.9358041788362776	0.23049999999999998
MNAR	0.47105263157894733	lin	mse	0.009959163097215158	0.009850661324677113	0.010082747311739165	614321807.1355507	602645691.6366423	622966106.2503767	613259796.6141897	601942502.9348984	622025415.7975874	696075874.8510444	683493169.6689671	709717163.9602193	436697347.62681806	424222555.97748005	448443409.77164525	436697347.62402993	424222555.99670625	448443409.7318922	0.23049999999999998
MNAR	0.4973684210526315	lin	ev	0.9999999999984734	0.9999999999984437	0.9999999999984998	0.9024782360056461	0.9015166256005209	0.9041597717913714	0.9026603374553243	0.9016730769997123	0.9042760584722918	0.8887011813441013	0.8870961533194914	0.8907518785921507	0.9299062374606214	0.9284162797245377	0.9321793628463021	0.9299062374609818	0.9284162797273396	0.9321793628580931	0.2431799999999999
MNAR	0.4973684210526315	lin	mse	0.009957993423180572	0.00983051346574102	0.01007836056089983	640339499.7304074	633107353.5217478	648502298.803757	639142689.4834217	631794316.3339177	646965806.3735874	730828387.8062772	719023765.6935402	740598919.3434756	460201039.19054794	448400719.0062858	468539142.64828247	460201039.18799543	448400718.9995394	468539142.6410326	0.2431799999999999
MNAR	0.5236842105263158	lin	ev	0.9999999999984837	0.9999999999984424	0.9999999999985206	0.8997152468592567	0.89845047555275	0.9010846995780979	0.8998927851291622	0.8986574669261099	0.9011588026275914	0.8855467644864708	0.8838683146761471	0.8869573208756182	0.9268001972890726	0.9251014936358773	0.9284748223460313	0.9268001972861264	0.9251014936430452	0.9284748223540618	0.2557800000000001
MNAR	0.5236842105263158	lin	mse	0.009972467214351884	0.009748800017956985	0.010189084174594774	658510777.8643757	650588397.1297407	668563046.9593251	657343506.5748433	649721692.3364826	667802506.0932693	751561322.4529532	742278287.1308526	764185016.2205117	480610231.52749276	466588201.94427776	491042938.9066294	480610231.5466856	466588201.8948575	491042938.86412203	0.2557800000000001
MNAR	0.55	lin	ev	0.9999999999984872	0.9999999999984537	0.9999999999985141	0.8960322730649328	0.8948936611227509	0.8970864127303357	0.896217514574024	0.895160823275212	0.8973300544286493	0.880879003183794	0.8795819881811131	0.8823394709537619	0.9225452900370249	0.9200631198442129	0.9249215681279132	0.9225452900352455	0.9200631198463138	0.9249215681373695	0.2691800000000001
MNAR	0.55	lin	mse	0.00992037426414358	0.009779393860466373	0.010015141854809926	682656802.7181811	675344137.2312514	691952434.5905612	681438166.4744068	674496003.7400334	690045498.5756615	782176413.1340495	773019149.0651455	793686611.8744738	508554139.7984655	493870334.5637204	523960194.07243276	508554139.81017894	493870334.6154951	523960194.096742	0.2691800000000001
