missing_type	missing_rows_proportion	model	evaluation_metric	drop	drop_lower	drop_upper	mean	mean_lower	mean_upper	median	median_lower	median_upper	random	random_lower	random_upper	regression	regression_lower	regression_upper	stochastic	stochastic_lower	stochastic_upper	missing_cells_proportion
MAR	0.05	lin	ev	0.9999999759865114	0.9999999756840421	0.9999999763142384	0.9862444460564554	0.9852348074973747	0.9871949594164546	0.9862480134550373	0.9852812301692158	0.9871858916813732	0.9752024358530171	0.9735995836066094	0.9771202189434909	0.9467851308411219	0.9440648583309412	0.9500151317384422	0.9467851308528641	0.9440648583423159	0.9500151319497094	0.024660000000000005
MAR	0.05	lin	mse	25.17145363462644	24.938373095164998	25.33040375195502	14396331.668593902	13431184.688060623	15234060.76150687	14392580.860218434	13393695.561362797	15247491.15468366	25958831.73213283	23966394.11193762	27784726.42487217	55691121.68053712	52853904.54716493	58352233.068383195	55691121.6683906	52853904.3190838	58352233.081688434	0.024660000000000005
MAR	0.07631578947368421	lin	ev	0.9999999760347771	0.9999999756787751	0.9999999763747448	0.977817081058418	0.9765886145516348	0.9794784935193148	0.9777967324010453	0.976571996031001	0.9795403448211573	0.9655234461272189	0.9634226083853761	0.9676026329158188	0.930152834338414	0.9270728693178492	0.932485154061196	0.9301528343347425	0.9270728693729289	0.9324851539871977	0.03729999999999999
MAR	0.07631578947368421	lin	mse	25.131037889524283	24.94790657472123	25.361019335299893	23222024.901716422	21784474.435221195	24633737.843932685	23243014.295528416	21718777.83799463	24722141.58188445	36101444.95892187	34118459.26474517	38285780.387981385	73113727.64484912	71032931.37409814	76180989.2999435	73113727.64873822	71032931.37282753	76180989.36060244	0.03729999999999999
MAR	0.10263157894736842	lin	ev	0.9999999759929239	0.9999999757106317	0.9999999763082918	0.9692911627651455	0.9677996840793103	0.9708443363434389	0.9692753394851727	0.9677697773063976	0.9708615243213548	0.9549913413958871	0.9535737510870617	0.9570965758535671	0.9150947526670847	0.911511290388348	0.9178849460255273	0.915094752670694	0.9115112905745193	0.9178849460152755	0.05044
MAR	0.10263157894736842	lin	mse	25.1281477211014	24.939941367533585	25.293685198603697	32152164.521254137	30558210.776784778	33806983.787659906	32168242.103799373	30609358.354778603	33711474.59087241	47121801.62465406	44887787.10445916	48536988.67414677	88900416.91107428	86187903.67910641	92149307.44855103	88900416.9071853	86187903.68172508	92149307.45760064	0.05044
MAR	0.12894736842105264	lin	ev	0.9999999760174447	0.999999975647071	0.9999999763565324	0.9621677120905126	0.9606411410862812	0.9641906998235688	0.9621582101766044	0.9605504091533416	0.9641462028193586	0.9465902824968494	0.9447664304894143	0.9490640920223427	0.9041475843470091	0.9003751773850082	0.9077271906791387	0.9041475843518968	0.900375177375861	0.9077271904997208	0.06298000000000001
MAR	0.12894736842105264	lin	mse	25.169450339675517	24.97672564692861	25.411480894727113	39607538.60952478	37218408.23890114	41272140.833309904	39617041.78954708	37208570.74140901	41185111.34769813	55920767.31542081	53178960.69632785	57865602.63334985	100342835.52881894	96598022.04441123	104671540.88407204	100342835.52385214	96598021.98447688	104671540.9072154	0.06298000000000001
MAR	0.15526315789473683	lin	ev	0.9999999760449603	0.9999999755886635	0.9999999764573021	0.953960953179535	0.9524005987467083	0.9556085400007435	0.9539370103445765	0.9524837238041409	0.95572900314009	0.9370418892368917	0.9351161804955379	0.9391400658646736	0.8922077032477841	0.8888169136778378	0.8966479729176156	0.8922077032466222	0.8888169136443367	0.8966479728850436	0.07588000000000002
MAR	0.15526315789473683	lin	mse	25.16077876975614	25.022668367592075	25.399683095847976	48196971.109839156	46455497.26078506	49752602.184516385	48221683.28353179	46584887.47972655	49614464.67970441	65914041.8435235	63544457.31957935	68251426.33836204	112850824.07085247	108254971.29254268	116469241.67648385	112850824.07199551	108254971.34599999	116469241.67485255	0.07588000000000002
MAR	0.18157894736842106	lin	ev	0.9999999760672853	0.9999999757039918	0.9999999764587179	0.9465757053628177	0.9449140311659372	0.9480006535885387	0.9465639951432556	0.9449285784040257	0.9481310719532222	0.9281628055710869	0.9251147577339733	0.9303561011710079	0.8788388803491862	0.8745051256039533	0.8831071366657306	0.8788388803510803	0.8745051255998431	0.8831071366696055	0.08894000000000002
MAR	0.18157894736842106	lin	mse	25.155382108821257	24.900628740378657	25.421132928292348	55926391.32624286	54272975.82497972	57791562.58624213	55938614.96390945	54558950.13136135	57887947.82704201	75205903.91990204	72770504.84093684	77365642.62219712	126839812.00645363	122947787.86210743	129781832.83272035	126839812.00442165	122947787.79947056	129781832.83869492	0.08894000000000002
MAR	0.20789473684210524	lin	ev	0.9999999760919418	0.9999999758683068	0.9999999763691877	0.9385476695099247	0.9359225164484056	0.9410745070893834	0.9385343759008472	0.935853137037038	0.9411947634307073	0.9189258670853434	0.9154995795902408	0.9221805227117482	0.8665160092304188	0.8620434430886535	0.871409279736737	0.8665160092313277	0.8620434431405302	0.8714092797574484	0.10162000000000006
MAR	0.20789473684210524	lin	mse	25.09091842183938	24.918318339473203	25.215222707658874	64346495.11369742	61595993.8768526	67288508.15790612	64360047.0051572	61428620.06028825	67284484.56921856	84902344.76406795	81704807.54001878	88877549.52891237	139759726.3377988	135078825.24294105	143248769.77105972	139759726.33686608	135078825.24172014	143248769.74775365	0.10162000000000006
MAR	0.23421052631578948	lin	ev	0.9999999760991577	0.9999999757123145	0.999999976414571	0.931500674120818	0.9295228309132451	0.9334465785192028	0.9314734213338223	0.9292283702485775	0.9333937600932241	0.9110034174318468	0.9091090469508228	0.9135467206625111	0.8570111696957021	0.852974851137587	0.8603449239701564	0.8570111696944964	0.8529748511400737	0.860344923971741	0.11456000000000001
MAR	0.23421052631578948	lin	mse	25.11142390973484	24.86267351481836	25.338225207047707	71719969.24796534	69103635.69234335	74350127.442842	71748119.8034731	69276260.8199457	74221860.341739	93183692.25223298	90673020.78254762	95978580.33227995	149692043.63719398	145769344.1401439	152873442.0505206	149692043.63831964	145769344.12781948	152873442.03920525	0.11456000000000001
MAR	0.26052631578947366	lin	ev	0.9999999759580497	0.9999999756455383	0.9999999763457051	0.9228660308242179	0.9201628398894193	0.9249436772890139	0.9228731809875577	0.9202038949256734	0.9249886733165881	0.8999150929293599	0.8968565220823281	0.9026197802159022	0.8437555378101385	0.8385750373222024	0.8482335967137034	0.8437555378182207	0.8385750373460492	0.8482335966890817	0.12732
MAR	0.26052631578947366	lin	mse	25.150557490964957	24.86922998897621	25.458700752018075	80756230.22186507	78359544.38465601	83538262.15893003	80748038.19355552	78325745.24729614	83649569.7883763	104796916.52036852	101299373.72953376	108404074.40140566	163572617.41836396	158984711.11792707	168387264.4239726	163572617.40999845	158984711.1279847	168387264.35815164	0.12732
MAR	0.2868421052631579	lin	ev	0.999999976119229	0.9999999756940214	0.9999999764274217	0.9162456922473716	0.9139469292369533	0.9187280490840363	0.9162081205382222	0.9139833974900013	0.9186833223830804	0.8923035798463249	0.8896425441592823	0.8956733197709598	0.8335866937920349	0.8286276969266296	0.8381740405307713	0.8335866937930407	0.8286276968942334	0.8381740405075857	0.14044
MAR	0.2868421052631579	lin	mse	25.077594609133772	24.827904558378265	25.344528063839043	87690653.50928198	85225078.97413413	90252907.48521167	87729644.77084841	85231409.10429388	89901300.37996145	112756006.54667099	109575813.03193757	116418934.54526842	174215313.64844695	168784786.37110916	178520646.8316272	174215313.64740345	168784786.38135174	178520646.8670529	0.14044
MAR	0.3131578947368421	lin	ev	0.9999999760665236	0.9999999756973502	0.9999999764967903	0.9094967491130569	0.9067473689853117	0.9129561246250646	0.9094906238679152	0.9067533976288247	0.9130296556516799	0.8842788496756563	0.8804748185995551	0.8881919736495747	0.8214763582609831	0.8168125861253306	0.827529585291219	0.8214763582688782	0.8168125861346547	0.8275295852917041	0.15311999999999995
MAR	0.3131578947368421	lin	mse	25.108813138208646	24.865543287460326	25.299675779924183	94760141.78703408	91110660.04920521	98225460.81468216	94766302.67057788	90922864.34328157	98241697.35009806	121167216.45998287	117321863.13287282	125324793.97392027	186901992.03015065	180489837.2987512	192311505.8254303	186901992.02179715	180489837.2538246	192311505.81267995	0.15311999999999995
MAR	0.3394736842105263	lin	ev	0.9999999761634483	0.9999999756857371	0.9999999766847762	0.9021251131940277	0.9007509416621652	0.9048757271216822	0.9021511333874953	0.9003892107440286	0.9049222551036303	0.8758624170368798	0.8729064068082638	0.879589393963568	0.8105139202889206	0.8067887228414597	0.8148436235211048	0.8105139202861795	0.8067887228525352	0.8148436235117471	0.16606
MAR	0.3394736842105263	lin	mse	25.012677611008957	24.71808111041672	25.305933435397044	102477071.71832448	99781242.63319907	104845406.0328312	102448858.22025126	99561812.27184696	104723260.78240749	129983625.32388869	126410634.8647063	133237190.60660303	198366113.0633247	194330541.7731005	202663046.6158479	198366113.0662402	194330541.76373804	202663046.63334125	0.16606
MAR	0.3657894736842105	lin	ev	0.9999999762713052	0.9999999759645348	0.9999999765898684	0.8973329259119396	0.893988919538266	0.9007249795853034	0.8973222310441106	0.8939575402977122	0.9006014811375234	0.8691183222056899	0.8654191259304364	0.8729814428626599	0.8026650521143732	0.7989000065237335	0.8067431325934579	0.8026650521194694	0.7989000065459435	0.8067431326039072	0.17848
MAR	0.3657894736842105	lin	mse	24.992571407640703	24.745968306742533	25.17413068435164	107485086.06746344	104315602.65797132	110244487.70220253	107495332.14020407	104313751.68715873	110042068.62015045	137026434.37818426	133049717.03661488	140795729.0795684	206586091.09409377	202005558.47480425	211108417.7860872	206586091.08872792	202005558.46683502	211108417.77631196	0.17848
MAR	0.3921052631578947	lin	ev	0.9999999762183625	0.9999999756828525	0.9999999768087577	0.888967136748636	0.8866557798081551	0.8914874336292051	0.8889558773830395	0.8867055107630812	0.8917657194581818	0.8598364212748167	0.8562744567182516	0.864738586198321	0.7878922728614723	0.7803318693526468	0.7952058275575966	0.7878922728583483	0.7803318693734158	0.7952058275845948	0.19244000000000006
MAR	0.3921052631578947	lin	mse	24.986753660373378	24.644029212954003	25.29418940547791	116253979.4274304	113844733.41421273	118542707.57995203	116264796.2416078	113620730.93012959	118357890.87782353	146757134.3818441	142830185.0136714	150458506.01292053	222062894.76128703	215150164.2104662	227865420.781969	222062894.76463223	215150164.16050792	227865420.75104764	0.19244000000000006
MAR	0.4184210526315789	lin	ev	0.9999999760790369	0.9999999756541726	0.9999999764765906	0.8823048122038015	0.8804089219873561	0.8843528604516233	0.8823247736442146	0.8805936792706985	0.8845830495953648	0.8514973430860105	0.8499837807130244	0.8535427984373164	0.7784986378315801	0.7730351408801669	0.7838440878837728	0.7784986378271745	0.7730351408278836	0.7838440878854043	0.20484000000000005
MAR	0.4184210526315789	lin	mse	25.08075358790336	24.820484447566738	25.348202260919138	123232618.53117205	120787949.61079055	125303784.11149472	123211043.05176324	120866939.3613544	125778139.60224882	155498056.2778276	152328672.7149093	157953507.85702533	231899428.7482234	225698513.0947777	237562579.19128034	231899428.7528137	225698513.0714595	237562579.14788797	0.20484000000000005
MAR	0.44473684210526315	lin	ev	0.999999976075071	0.9999999757033713	0.9999999764966008	0.8762083207946944	0.8744616700727258	0.8785284891047656	0.8761961882532232	0.8744466420825963	0.8785066033338523	0.8437812738064434	0.8410574790841898	0.847344981586104	0.7691590085229678	0.7620187364537407	0.7758227327266624	0.7691590085322072	0.7620187364772912	0.7758227326972578	0.21765999999999994
MAR	0.44473684210526315	lin	mse	25.041415768557584	24.832904366729174	25.35326236411921	129599582.83447601	127607934.20839342	131585184.64756063	129611302.21549259	127765104.9643526	131424211.9745902	163559239.50082883	160683305.92992017	166948724.01764613	241652204.91352984	235260459.02833277	248348726.89702812	241652204.90390372	235260459.02356157	248348726.8456248	0.21765999999999994
MAR	0.47105263157894733	lin	ev	0.9999999762030828	0.9999999757225175	0.9999999768456503	0.8706159548963602	0.8684049201127091	0.873162173254979	0.8707362388343312	0.8683314242030403	0.8727422606245944	0.8369846356495091	0.8345332985362658	0.8396846636431659	0.7582653137710529	0.7529083119528708	0.764178411763276	0.7582653137724303	0.7529083119056362	0.7641784117708783	0.23032
MAR	0.47105263157894733	lin	mse	25.07821833107027	24.74037994038438	25.47041542817174	135464149.30239105	132214975.05581185	138315686.16723228	135337657.52578315	132179374.17463703	137910279.4617144	170680282.58509144	167329808.87840915	174155787.81072995	253079411.71754578	247005387.10565275	258159445.20903182	253079411.71611932	247005387.15293926	258159445.2043002	0.23032
MAR	0.4973684210526315	lin	ev	0.9999999761924133	0.9999999757185637	0.9999999766728321	0.8646916620000663	0.8616332036481351	0.8671225157496183	0.8647136684240896	0.8619811176751659	0.8672387610781922	0.8284411203768365	0.8258041061554708	0.8320663210638137	0.7475882046220527	0.742518683288454	0.7525934470638614	0.7475882046248377	0.7425186833088542	0.7525934470496749	0.24312000000000006
MAR	0.4973684210526315	lin	mse	25.02169507576171	24.629783225405518	25.26644979337337	141662282.48397732	138822263.13835207	145086159.1565922	141637856.53483057	138854823.475256	144688377.88844636	179623601.23308375	176540577.32438502	181519669.60347605	264263599.7789076	257887605.75581217	269819386.0516423	264263599.77597106	257887605.7706025	269819386.07552254	0.24312000000000006
MAR	0.5236842105263158	lin	ev	0.9999999761956321	0.9999999757710427	0.9999999766311828	0.8590035807862079	0.8561896247499284	0.8618464744611447	0.859035730109847	0.8560450996424755	0.862203741455334	0.8224086452803783	0.8199639244989544	0.8256470973993597	0.7363180545158834	0.7316337335234467	0.7431741678588399	0.7363180545198348	0.7316337334503178	0.7431741681251385	0.2558800000000001
MAR	0.5236842105263158	lin	mse	25.0385752614829	24.775858852310307	25.402153625497704	147602506.10519516	144396630.3903985	150484401.15473813	147568338.63830614	144520227.04021055	150840765.266226	185931853.26220897	181993625.4197426	188254149.32020828	276024391.1410335	269088240.8462528	280046118.4871411	276024391.13686574	269088240.7552006	280046118.535426	0.2558800000000001
MAR	0.55	lin	ev	0.9999999763217226	0.9999999757518752	0.9999999769821233	0.85339750222319	0.8507042450019413	0.8560634055441125	0.8534588894763232	0.850997392727635	0.8563137376130129	0.8134924348461469	0.8105397507044985	0.8169665860054245	0.7255967605783934	0.719826781727924	0.7315427408916984	0.7255967605753955	0.7198267817740743	0.731542740911513	0.26822000000000007
MAR	0.55	lin	mse	24.94944893603762	24.640498587045613	25.272043532547922	153481657.74810255	150924326.40027067	156300162.5193041	153416965.17733672	150679349.19594395	156145116.99763453	195276133.17174137	192375782.8231579	198459658.73495734	287274255.86363626	281020329.66389203	293489534.4140611	287274255.86673677	281020329.6440443	293489534.4781356	0.26822000000000007
MCAR	0.05	lin	ev	0.999999975921135	0.9999999756473428	0.9999999762015243	0.986763663201968	0.9859147514676265	0.9876940718085044	0.9867619592707719	0.9859076274461723	0.9876755828069208	0.9767615370697789	0.9753185355660687	0.978185607562462	0.9449886887351806	0.9425081505416775	0.947763397533557	0.9449886887279577	0.9425081505213766	0.9477633975191166	0.024540000000000006
MCAR	0.05	lin	mse	25.19652224049852	25.02659301849473	25.384427815178263	13861932.75846607	12858022.345688839	14790797.236649765	13863687.203537066	12880309.923082877	14769383.948099516	24334186.784703616	22720899.0176281	25854900.344925933	57592834.7033855	55176827.25886771	59847385.47292228	57592834.7109079	55176827.26644597	59847385.47009805	0.024540000000000006
MCAR	0.07631578947368421	lin	ev	0.9999999759803214	0.9999999757525522	0.9999999762726954	0.9786972972541289	0.9776389988785824	0.9795413721125485	0.9786924246813823	0.9776341416856074	0.9795371912145487	0.9665562893196004	0.9655749089128969	0.9681373537389382	0.9297994247484495	0.9271163736882937	0.9318652842943426	0.9297994247499569	0.9271163736930579	0.9318652842649003	0.0373
MCAR	0.07631578947368421	lin	mse	25.14893142629904	25.010533805197362	25.32168445800622	22303876.709127	21435624.841600902	23103406.52655025	22308992.572128467	21443780.687416065	23102501.741688773	35012574.32433209	33585285.717997134	36014378.90985391	73482979.77674462	70820370.36502612	76497178.42416866	73482979.77522995	70820370.36048311	76497178.3689396	0.0373
MCAR	0.10263157894736842	lin	ev	0.9999999759328729	0.9999999756100623	0.9999999762899583	0.9710220688582625	0.969720784430378	0.9721901437391396	0.9710197430214157	0.9697261145675204	0.9721715036413638	0.9572924883766111	0.9554390872196219	0.9595662645582035	0.9156078687867587	0.9120841912857819	0.9197142485349403	0.9156078687803229	0.912084191291211	0.9197142485136978	0.05
MCAR	0.10263157894736842	lin	mse	25.18246006704642	24.878922461705383	25.42296544197202	30343256.32089734	29184790.01716058	31569554.23841406	30345630.915303957	29200582.93674089	31552967.982832514	44720628.43817424	42712659.98376636	46928963.90517986	88358715.34872885	84566618.26907879	92720790.7408554	88358715.355409	84566618.29148605	92720790.76389451	0.05
MCAR	0.12894736842105264	lin	ev	0.9999999759025703	0.9999999755662913	0.9999999762765723	0.9627847144356554	0.9610469277144965	0.9641400513700416	0.962785940153032	0.9610734033387179	0.9641430445977058	0.9478695752382938	0.9460907263834685	0.9501218368714792	0.9029758991970486	0.8988706342500313	0.9068556082899296	0.9029758991928545	0.898870634154915	0.9068556083028553	0.0633
MCAR	0.12894736842105264	lin	mse	25.192706336079752	24.954127467270695	25.428712661976608	38964162.57741391	37625773.51893268	40322705.642604694	38962789.87614439	37630453.39072751	40315258.826320015	54583360.564603366	52127770.218683764	56052658.44865914	101565940.49343213	96945356.78445308	105806519.06142652	101565940.49782363	96945356.79166766	105806519.07877961	0.0633
MCAR	0.15526315789473683	lin	ev	0.9999999759665367	0.9999999756288511	0.9999999762713662	0.9554829845215776	0.9541299829142651	0.9570735360078133	0.9554828946223556	0.9541429622112427	0.9570899801209226	0.9386989984508257	0.9361085993102107	0.940752162470283	0.8911378405827322	0.8868419805599446	0.8953514173460246	0.8911378405819803	0.8868419805773463	0.8953514173047563	0.07586000000000002
MCAR	0.15526315789473683	lin	mse	25.18382834952185	24.868143116466346	25.444202812205948	46602080.995843954	45054017.23379198	48162427.69179843	46602227.76773878	45053481.75718649	48178382.673637405	64181040.853556134	61960540.79364885	66408352.98546575	113956165.38040598	109607753.04185888	117570096.3937191	113956165.3812056	109607753.04611948	117570096.36475265	0.07586000000000002
MCAR	0.18157894736842106	lin	ev	0.9999999759399472	0.9999999755849347	0.9999999763141229	0.9476970589708291	0.946141159435484	0.9495529479774244	0.9476993479155741	0.9461513932576009	0.9495695739343343	0.930326634439864	0.9281902151432859	0.9325590082704802	0.8804811973509985	0.8775119269262488	0.8835253228879084	0.8804811973539782	0.877511926976471	0.8835253228763451	0.08892000000000001
MCAR	0.18157894736842106	lin	mse	25.154999582376327	24.926257670138387	25.302979301929323	54763594.50683317	52706532.393878266	56806985.32766509	54761204.10382558	52691343.79858842	56796716.426284894	72952715.2197263	69981626.13727748	75585592.3490094	125132512.28991249	121885732.2675508	128429415.53886786	125132512.28677778	121885732.2741391	128429415.53944863	0.08892000000000001
MCAR	0.20789473684210524	lin	ev	0.9999999760446938	0.9999999757210207	0.9999999764205811	0.9412946056281563	0.9391620791812654	0.9435394331652355	0.941293877123965	0.939186296836197	0.9435491727783245	0.9220998413721336	0.9194523201509989	0.9246115766920117	0.8700028667958546	0.8636739076558346	0.8756952510780408	0.8700028668056601	0.8636739076749828	0.8756952510734627	0.10170000000000001
MCAR	0.20789473684210524	lin	mse	25.108460863538706	24.92640614769843	25.302331330975093	61456607.702229984	59173538.844868064	63606138.95796491	61457330.9921301	59171970.10742532	63605223.90516019	81561098.37940925	79737925.14190173	83954886.7810783	136078636.8394872	130555899.05018145	142037443.1398125	136078636.8291706	130555899.05223316	142037443.09460926	0.10170000000000001
MCAR	0.23421052631578948	lin	ev	0.9999999759260939	0.999999975541532	0.9999999762817486	0.9345184824561089	0.9328031958122298	0.9364839731176875	0.9345158306773996	0.9328004267859213	0.9364710745820743	0.9144962136380115	0.9121938310418951	0.9169431166430602	0.8580419849105119	0.8541041334728314	0.8611030378334215	0.8580419849174841	0.854104133461513	0.8611030378401505	0.11442000000000004
MCAR	0.23421052631578948	lin	mse	25.191298061957195	24.992468937679266	25.390032635421942	68552014.69571698	66918041.15808168	70569132.25414072	68554829.53040002	66930734.951050796	70575599.05265342	89520492.5247978	86982381.61955759	91230197.8833387	148619861.01471892	145199916.53662753	152981707.6029212	148619861.0073377	145199916.52998817	152981707.59281546	0.11442000000000004
MCAR	0.26052631578947366	lin	ev	0.9999999759616662	0.9999999754659823	0.999999976406467	0.9269773682813579	0.9255979397012389	0.9284054315124306	0.9269777418063918	0.9255926271564893	0.9283774079672236	0.9051099453063206	0.9029340794043608	0.9066866303252064	0.8448237560451664	0.8411454022454322	0.8499004600635403	0.8448237560298967	0.8411454022394742	0.8499004600626742	0.12721999999999997
MCAR	0.26052631578947366	lin	mse	25.09864989304942	24.82270851528603	25.335210482335533	76451875.31012613	74731569.26848993	77776546.67735448	76451451.28886391	74730082.26544392	77819815.28915069	99350233.62300381	97369444.22363159	101633272.08295442	162455830.28172666	157275575.3164933	166479848.1355086	162455830.29774135	157275575.26928425	166479848.1397313	0.12721999999999997
MCAR	0.2868421052631579	lin	ev	0.9999999759843812	0.999999975731818	0.9999999763675611	0.9206052777018224	0.9190524002013457	0.9226693145631969	0.9206074933958571	0.919041055671456	0.9226901461056238	0.8970163460418149	0.8943517140727899	0.8992797577639292	0.8348450335768776	0.8304644284054309	0.8392938649263125	0.8348450335744113	0.8304644284094058	0.8392938648937714	0.14052
MCAR	0.2868421052631579	lin	mse	25.141737335923352	24.82822310951943	25.30238512051812	83126658.46053904	80580630.18896459	85128565.01035987	83124304.10157673	80582787.8257603	85139384.55036704	107832372.84144183	105300153.77169347	110851900.79812397	172905941.9908678	168581748.51560932	176747167.748937	172905941.9934837	168581748.5248567	176747167.75682876	0.14052
MCAR	0.3131578947368421	lin	ev	0.9999999759905377	0.9999999755951072	0.9999999764518333	0.9141979209350545	0.9129171539997862	0.9152562894812004	0.914198519060345	0.9129201821987815	0.9152611812581745	0.8896718712839015	0.8877132036716912	0.891692486566122	0.824100371972153	0.8192541653775545	0.8280500168496845	0.8241003719622213	0.8192541653129088	0.8280500168298531	0.15253999999999998
MCAR	0.3131578947368421	lin	mse	25.154216354011506	24.815926068749	25.459614321596085	89830957.85903072	88265325.50028718	91463674.59982713	89830345.16119364	88270566.47378927	91463172.58558586	115518528.29404464	112918113.64477523	117662904.64901754	184168142.12409946	179615208.7533152	187901493.10005847	184168142.13445777	179615208.73837572	187901493.11555493	0.15253999999999998
MCAR	0.3394736842105263	lin	ev	0.999999975960018	0.9999999755687831	0.9999999764911975	0.9071972725292987	0.9056851916501399	0.9091859265783585	0.9071884274007267	0.9056613491140358	0.9091711578165185	0.8805684995530169	0.8778101078253275	0.883597255188673	0.8121646618937615	0.80651828283628	0.8178056257424513	0.8121646618841387	0.8065182828301559	0.8178056257097175	0.16630000000000003
MCAR	0.3394736842105263	lin	mse	25.11896918663688	24.806369330553192	25.356307412218264	97156296.77852806	95512819.4488202	98361348.22230291	97165461.19315289	95514014.72927925	98348151.72356056	125041625.86634655	122343596.18589513	127712251.58093616	196618676.59686878	191367579.47778103	201140282.7797472	196618676.60691845	191367579.54929277	201140282.78212112	0.16630000000000003
MCAR	0.3657894736842105	lin	ev	0.9999999760469048	0.9999999755370114	0.9999999763524656	0.9017003109967409	0.9004004006766154	0.902679241548098	0.9017025185343254	0.900394985517272	0.902677075128158	0.8743666224003946	0.8718319579185474	0.8769130337328483	0.8033360486918631	0.7964416012986157	0.8086474463411419	0.8033360486925367	0.7964416012956774	0.8086474463618492	0.17870000000000005
MCAR	0.3657894736842105	lin	mse	25.078016900554694	24.818075935309565	25.368172030527255	102912687.08072382	101490048.5775975	104061734.47407827	102910350.60298663	101498444.23563227	104061278.86973047	131535231.9637701	129003533.45629081	133878433.40529422	205889187.49607876	200462722.5211908	211919045.9858302	205889187.4954734	200462722.38757855	211919045.97421846	0.17870000000000005
MCAR	0.3921052631578947	lin	ev	0.9999999759785867	0.9999999754986384	0.9999999765515273	0.8955076102573345	0.8937910995577276	0.8969457386293984	0.8955037812386029	0.893808447943565	0.8969601654124124	0.866431322502653	0.8641355160691129	0.8684419073960955	0.7911412483042273	0.7871590135689052	0.7960898543651198	0.791141248305249	0.7871590135673274	0.7960898543646769	0.19183999999999993
MCAR	0.3921052631578947	lin	mse	25.0442316541631	24.8309571867622	25.285575657633217	109393547.02970129	107400763.48816538	111123277.40099771	109397565.42065792	107392244.81104651	111136918.46886921	139841020.57697347	136684125.56826532	142516450.00831935	218635872.55026644	214108551.28688654	223481687.1302237	218635872.54927814	214108551.28307936	223481687.16498742	0.19183999999999993
MCAR	0.4184210526315789	lin	ev	0.9999999760610087	0.9999999757841463	0.9999999764471083	0.8897912532937533	0.8875595114061953	0.8919685946681141	0.8897932585650637	0.8875491411046972	0.8919749592860189	0.8590875251011277	0.8564624717935301	0.862422163449249	0.7810662404109497	0.7748214485804342	0.7879554056299061	0.7810662404093691	0.7748214485854101	0.7879554056066584	0.20514000000000007
MCAR	0.4184210526315789	lin	mse	25.072515887082957	24.817817382611075	25.266410121084284	115384705.7201777	112804593.90964364	117379554.66819198	115382540.32102329	112802488.7860199	117420379.99367137	147530188.48542222	144241399.8807627	150791274.42509198	229175352.3887881	223253149.28880733	235017262.86476615	229175352.39040634	223253149.2547672	235017262.8581065	0.20514000000000007
MCAR	0.44473684210526315	lin	ev	0.9999999761440524	0.9999999756263626	0.9999999767572283	0.8845917608619135	0.8824786391877243	0.8863792124519948	0.8845990980213996	0.8824953392980504	0.8863619883110141	0.8523707746127421	0.8500608144978699	0.8548520430286581	0.7716599969794876	0.7650238128002118	0.778428864034635	0.771659996993133	0.7650238127745689	0.77842886403703	0.2174
MCAR	0.44473684210526315	lin	mse	25.044150387547287	24.73966271812161	25.31253226055019	120823913.214345	118586753.6871194	122814194.35077132	120816232.56669596	118605700.99444902	122794832.32624957	154564611.96437818	151830638.38637006	156746472.2743	239030687.98589778	233771481.22303838	243697341.8009601	239030687.97163007	233771481.16672534	243697341.80656826	0.2174
MCAR	0.47105263157894733	lin	ev	0.9999999760385251	0.999999975584903	0.9999999765171356	0.8793166900010252	0.8771853096540997	0.8811186337037502	0.8793164369109655	0.8771590625764408	0.8811194497742668	0.8451296465921254	0.8421137786578818	0.8477790215026286	0.7600806774914096	0.7525971544942878	0.7665787073925309	0.7600806774894755	0.7525971544501394	0.7665787073883955	0.23079999999999998
MCAR	0.47105263157894733	lin	mse	25.06173930257814	24.708126161063575	25.42876652324541	126345431.0324634	124491191.38610978	128197651.76390223	126345662.56849355	124477260.77002293	128187047.07369208	162135841.01729128	159719736.15233392	164708592.29249057	251165873.10580203	246033102.24458396	257725905.84527758	251165873.10786504	246033102.2202899	257725905.87380975	0.23079999999999998
MCAR	0.4973684210526315	lin	ev	0.9999999761048395	0.999999975574116	0.999999976728192	0.8740509133649218	0.8723856574872959	0.8758094977502974	0.8740501427796146	0.8723914486940307	0.8758078294505439	0.8378928698246908	0.8348859744767021	0.8399429636187876	0.7508271973603491	0.7456065508315172	0.7565724287044131	0.7508271973637399	0.7456065508775114	0.7565724287114691	0.24366
MCAR	0.4973684210526315	lin	mse	25.020546519353342	24.676760990140792	25.33083986188096	131868822.52005091	129327535.94909169	134102185.02189432	131869582.31655861	129338108.33862317	134121691.60840791	169732528.8320988	166948639.2933103	173148139.1188249	260849674.1020674	256816989.92840376	266072480.98032114	260849674.09854993	256816989.9241913	266072481.01870632	0.24366
MCAR	0.5236842105263158	lin	ev	0.9999999761469905	0.9999999756776636	0.9999999766765418	0.8696894422738906	0.8680853076309096	0.8716263976012925	0.8696867301455283	0.8680582234086428	0.8716336806753192	0.8320616163857306	0.829997657106042	0.8342095747870346	0.7417107459984486	0.7364136041745869	0.7487449821463419	0.7417107459937005	0.7364136041434175	0.748744982137892	0.256
MCAR	0.5236842105263158	lin	mse	25.041712589205876	24.728722443795053	25.416758425314768	136425759.1072	133845131.5488376	138305705.64992142	136428600.96478924	133870107.35933754	138322065.83144885	175820473.76255932	174108757.5312295	177905152.4237178	270415469.5148591	262564036.2747183	275960118.5489371	270415469.51979154	262564036.28883642	275960118.5508248	0.256
MCAR	0.55	lin	ev	0.9999999761306775	0.9999999754865743	0.9999999768172474	0.8651585402879727	0.8629675021720402	0.8666779481819835	0.8651522008672284	0.8629697585795787	0.8666377822930555	0.8253515065878755	0.8230254599691097	0.8276318507553837	0.7308632165835119	0.7241286136756564	0.7367737719233167	0.730863216581259	0.7241286136878557	0.7367737719279986	0.26892000000000005
MCAR	0.55	lin	mse	24.99365270519027	24.576407092462404	25.51940089929059	141179989.2981512	139216537.3250394	143851314.04099014	141186596.06012177	139276812.2530251	143834917.0201494	182871388.28053138	179344492.4337599	185669054.23269564	281797684.99704504	274661410.7531075	290348761.9594465	281797684.9995086	274661410.7677164	290348761.95937634	0.26892000000000005
MNAR	0.05	lin	ev	0.9999999759179447	0.9999999755892283	0.9999999762884518	0.9875768008392738	0.9867976948614638	0.9884741030316778	0.9875774386246868	0.9867688701690496	0.9884761408429361	0.9776997027235335	0.9759238859474318	0.9796037914331768	0.9464500159347186	0.944139761034938	0.9485500836341312	0.946450015940229	0.9441397610352842	0.948550083599217	0.024460000000000006
MNAR	0.05	lin	mse	25.194148785253546	24.96321878897797	25.366405030131336	13002035.35811542	12076590.524268502	13863001.169864805	13001309.57691282	12075337.935534792	13882483.320693852	23345009.995766133	21212594.260181732	25126201.70358168	56052979.64743779	53718995.042733304	58640533.72741538	56052979.64164802	53718994.97204027	58640533.74576517	0.024460000000000006
MNAR	0.07631578947368421	lin	ev	0.9999999759333851	0.9999999756758979	0.9999999761798667	0.9798989063958784	0.9789257895943768	0.9807194025724699	0.9799030555655485	0.9789511358384873	0.9806984295206735	0.9681458983285712	0.9667749081117005	0.9694571921263571	0.9311878463046568	0.9287917856831673	0.9334211625689308	0.9311878462969474	0.9287917856823784	0.9334211625626141	0.03735999999999999
MNAR	0.07631578947368421	lin	mse	25.156636661420794	24.975218799360057	25.403720044801407	21053084.76910522	20004204.95827163	22082376.857634284	21048664.51718306	20011254.819838136	22126652.28398288	33358257.16318194	32139942.69408531	35163945.942551136	72051535.76415151	69466286.27608672	74938689.4648672	72051535.77221811	69466286.28607431	74938689.45110363	0.03735999999999999
MNAR	0.10263157894736842	lin	ev	0.9999999759430314	0.9999999755797216	0.999999976323105	0.9729655700301235	0.9721867544912567	0.9738148263842217	0.9729796304023843	0.9722140689925257	0.9738171104886477	0.9600184520317637	0.9585442720261677	0.9612799439379639	0.9197950952229991	0.9170823806996938	0.92269646684199	0.9197950952249478	0.9170823807170453	0.922696466878021	0.05
MNAR	0.10263157894736842	lin	mse	25.175734741920348	24.96213370321521	25.382387536962455	28300193.468622666	27384748.75657077	29059745.468612287	28285480.26279402	27346893.663756482	29028532.6692776	41860021.139520995	40765850.92955223	43222636.02977692	83960745.13573149	81785803.72282748	87084575.64872423	83960745.13372618	81785803.6895791	87084575.60540114	0.05
MNAR	0.12894736842105264	lin	ev	0.9999999759986763	0.9999999756372575	0.9999999763074753	0.9661240859566242	0.9651842750406104	0.9671439344924155	0.9661306068314772	0.9651657752051238	0.9671609135519159	0.9518227032694143	0.9502379526343521	0.9533333842454863	0.9085293847271769	0.9054046298829932	0.9120770011015731	0.908529384727455	0.9054046298981786	0.9120770010893426	0.06318
MNAR	0.12894736842105264	lin	mse	25.185254253976453	24.933064438451137	25.369278447961243	35466339.18963317	34240981.70792064	36570318.88076985	35459478.567807026	34232688.257408656	36544796.946455315	50445490.24228075	48614170.88013135	52387070.921287864	95756318.31409593	92256526.37389664	99127122.65324596	95756318.31384088	92256526.38688508	99127122.61236235	0.06318
MNAR	0.15526315789473683	lin	ev	0.9999999759110975	0.9999999755444008	0.9999999762965078	0.9587770367267991	0.9573891201391975	0.9600250574197067	0.9588011912538239	0.9574241881360348	0.9600517442882233	0.9426243645413589	0.9407610058868539	0.9441970430887697	0.8968981585918323	0.8942013126970285	0.8998011973686147	0.8968981585886645	0.8942013127105632	0.8998011973303617	0.07587999999999999
MNAR	0.15526315789473683	lin	mse	25.22031505664144	25.020142206514997	25.403673028870244	43156593.899542294	41469357.581623495	44789117.37725829	43131211.81748397	41454751.28347155	44768274.09747267	60070892.82728985	58190295.56105037	61642790.87926235	107925427.91737741	104943482.4922288	110558232.4328506	107925427.92069253	104943482.51036362	110558232.43404454	0.07587999999999999
MNAR	0.18157894736842106	lin	ev	0.999999976075663	0.9999999757493051	0.9999999764390004	0.9517825795018243	0.9499266616389033	0.953513229035444	0.9518095222166643	0.9499894954521013	0.9535359040054643	0.9341713144959368	0.9321632652244405	0.9358186733981309	0.8860242442861618	0.8842056791732418	0.8889873431739743	0.8860242442851403	0.8842056791705707	0.8889873431318046	0.08901999999999997
MNAR	0.18157894736842106	lin	mse	25.09569628513485	24.808701673017005	25.375306984013402	50480439.7582863	48536855.83344672	52439462.08461732	50452182.70113772	48495937.62979435	52369682.11411561	68926668.79960851	67047384.075357825	71244981.16586633	119319657.81109585	116440932.32149978	122629396.9425166	119319657.81214719	116440932.35155402	122629396.94537155	0.08901999999999997
MNAR	0.20789473684210524	lin	ev	0.9999999760238946	0.9999999755837449	0.9999999764526243	0.9455157487408391	0.9441204208435597	0.9471660367428936	0.9455476111010533	0.9441804607292279	0.9472010115547552	0.9266035327475183	0.9254726296986204	0.9280305903608008	0.8758102370473668	0.8721050052220192	0.8801175356478668	0.8758102370489124	0.8721050052226298	0.8801175356726025	0.10142000000000001
MNAR	0.20789473684210524	lin	mse	25.091040933679324	24.840002075596654	25.358020548324472	57037985.24532203	55422973.937500685	58539397.71415159	57004528.65669671	55425584.00115622	58462848.91041096	76844624.06545927	74760545.86673887	78322865.37218034	130003245.9750899	126653799.7105245	134052260.78867576	130003245.97347274	126653799.61467803	134052260.8711663	0.10142000000000001
MNAR	0.23421052631578948	lin	ev	0.9999999760117533	0.9999999756527628	0.999999976404157	0.9383550226500823	0.9372530191177069	0.9394703160193354	0.9384106073049474	0.9372807192167861	0.9395249197943547	0.9176811991019376	0.9164999948147559	0.9192493578676738	0.8642342801698125	0.8601789008895212	0.8681294867918325	0.8642342801639462	0.8601789008948897	0.8681294867983887	0.11482000000000006
MNAR	0.23421052631578948	lin	mse	25.127588895825042	24.91536249436055	25.359372677043247	64537753.772193365	63233903.19095938	66179658.621740036	64479461.96173315	63184369.116751194	66062225.70317955	86187624.12100977	84184944.49503997	87483625.97719857	142131345.84818065	137996926.48607174	145857998.44650024	142131345.8542782	137996926.49823016	145857998.4337326	0.11482000000000006
MNAR	0.26052631578947366	lin	ev	0.9999999759995819	0.9999999756603268	0.9999999763956858	0.9319414569527886	0.9311002105720485	0.9332102024370977	0.9320101364487876	0.931162603199125	0.9332875205505744	0.9098728333468791	0.908476384310792	0.9114263289705339	0.8542129621184383	0.8511159946820483	0.8572454898813713	0.8542129621228526	0.8511159946560849	0.8572454898965927	0.12700000000000006
MNAR	0.26052631578947366	lin	mse	25.093432259848214	24.85583617643452	25.423234710293137	71251255.90820271	70034025.14120626	72432334.0596345	71179090.60035431	69934663.4049868	72374996.02224079	94360958.54932648	92963471.2043131	96038981.88366677	152620364.044618	149514264.47750908	155731865.10141194	152620364.03993937	149514264.4589445	155731865.10886514	0.12700000000000006
MNAR	0.2868421052631579	lin	ev	0.9999999760147844	0.9999999756675746	0.999999976418926	0.9255923556989915	0.9240274176193715	0.9271012671459193	0.9256641436970773	0.924086270699713	0.9271426231784684	0.9021892476802243	0.9007299955233721	0.9042370454956461	0.8433229653358316	0.8393299202050712	0.8486488238147226	0.8433229653347023	0.8393299202823228	0.8486488238063271	0.14036000000000004
MNAR	0.2868421052631579	lin	mse	25.069194984356788	24.80907104048506	25.333686126346116	77891060.68548766	75850098.02972825	79505706.21677198	77815930.61493967	75823997.67301467	79533702.46159741	102399719.53633758	100723211.54119644	104341547.65558964	164001657.04910138	158945713.02398676	167651662.9755205	164001657.0503349	158945713.09219447	167651662.97999793	0.14036000000000004
MNAR	0.3131578947368421	lin	ev	0.9999999760597847	0.9999999757282094	0.9999999764411613	0.9197282351553063	0.91805412118166	0.9213832073683541	0.9198131554066109	0.9180993902450505	0.9213782234129733	0.8946216647357885	0.8927634371655888	0.8971908431746805	0.8337454667249702	0.8310415389074899	0.8372378060609647	0.8337454667260584	0.831041538917568	0.8372378060888093	0.15319999999999992
MNAR	0.3131578947368421	lin	mse	25.127829919868255	24.794831118829034	25.353065513861587	84044358.67634036	81884255.78550828	85459699.00239593	83955292.69517283	81810949.40978181	85427404.83302584	110334613.83933334	107798816.05669096	112062952.1763299	174063027.1436898	169406261.00525263	177558834.5345915	174063027.14245883	169406261.04270667	177558834.4871593	0.15319999999999992
MNAR	0.3394736842105263	lin	ev	0.9999999760202748	0.9999999758267122	0.9999999763944205	0.9135681098375668	0.9119018161087906	0.915089118685763	0.9136567307353941	0.9119953194614696	0.9151606096715169	0.8873976640491871	0.8856954917134698	0.8896126061277241	0.823123525560278	0.8191873332681533	0.826077433379343	0.8231235255666521	0.8191873332608695	0.8260774333846431	0.16580000000000003
MNAR	0.3394736842105263	lin	mse	25.14929359689082	24.868132104595368	25.402493113263645	90491424.88793992	88489547.26120609	92415270.42295039	90398449.31261007	88385589.06909603	92315592.21988405	117902604.17857361	115546914.30543269	119907969.39743364	185195198.58872467	181915333.7268247	190410006.72927606	185195198.58209065	181915333.76459336	190410006.71588764	0.16580000000000003
MNAR	0.3657894736842105	lin	ev	0.9999999758883031	0.9999999756088374	0.9999999761419522	0.9067150712485009	0.9045745147574394	0.9088770241322193	0.9068395449532837	0.9046432454927675	0.9090476113097706	0.8791774256551044	0.8768418206122193	0.881576641641822	0.8131700407949343	0.806750975547319	0.8189857561985431	0.8131700407953556	0.8067509755041784	0.8189857561552444	0.17901999999999998
MNAR	0.3657894736842105	lin	mse	25.134574045227954	24.914447096576104	25.42668766042204	97664783.52172653	95199036.38514058	99825251.61392742	97534293.44522688	95131543.6561129	99765379.34064823	126506819.7929813	123343250.54695392	129376861.55021915	195588462.92347965	189204978.51890182	201093231.8437173	195588462.9229926	189204978.4533345	201093231.84133416	0.17901999999999998
MNAR	0.3921052631578947	lin	ev	0.9999999760947398	0.9999999756599222	0.9999999764584657	0.901625499892358	0.900737135591327	0.9031940006792075	0.9017316900842893	0.9007872256305309	0.9033053893690455	0.8721218062358996	0.8703614851068342	0.8744756531356782	0.8025987558466945	0.7981044967180991	0.8070893792414152	0.8025987558450673	0.798104496714342	0.8070893792674515	0.1918200000000001
MNAR	0.3921052631578947	lin	mse	25.054994166121414	24.698069562294656	25.396697766942815	102994233.7828622	100926129.40053332	104783038.34929518	102883119.56136174	100780690.59249324	104692179.1876149	133895589.05821805	130922336.19952781	136742602.08415595	206651881.52955127	201889830.83094922	211042187.8016522	206651881.53133923	201889830.84230632	211042187.80869287	0.1918200000000001
MNAR	0.4184210526315789	lin	ev	0.9999999759543736	0.9999999754693195	0.9999999764989119	0.8961738243219917	0.894245968864992	0.8981555858496828	0.8962987233963672	0.8943575809822604	0.8982912015046144	0.8652235034715023	0.863441187056712	0.86722395590159	0.7922366723884516	0.7867759995259568	0.7980187977561026	0.7922366723863087	0.7867759995067796	0.7980187977038002	0.2045800000000001
MNAR	0.4184210526315789	lin	mse	25.131133453439226	24.794993729432573	25.524534738848104	108704836.75383852	107060255.3412807	111047879.36065322	108573932.78894767	106927315.5123927	110913498.27239183	141119760.43927372	139346094.71798325	143222986.6221917	217509410.92418286	213395498.6290229	223051435.9662375	217509410.9263378	213395498.65964553	223051435.93413848	0.2045800000000001
MNAR	0.44473684210526315	lin	ev	0.9999999760601991	0.9999999757022957	0.999999976532125	0.8903981194423018	0.888205262638258	0.8922075966689906	0.8905546695865195	0.8883669789703915	0.8922658813360683	0.8573105246597309	0.8554218214339515	0.8596281095134826	0.7820899981712094	0.7777758756134496	0.7883814788546508	0.7820899981678111	0.7777758755867261	0.7883814788547222	0.21721999999999994
MNAR	0.44473684210526315	lin	mse	24.98088033669627	24.66378211682751	25.280362415745735	114743450.61910976	112487838.8981609	117002149.70701091	114579483.8097097	112293415.5549661	116830765.88511409	149397710.41102326	146636194.8925749	151943287.00539675	228124889.84555495	222098493.98443225	231734963.4965184	228124889.84900075	222098494.00350037	231734963.49610186	0.21721999999999994
MNAR	0.47105263157894733	lin	ev	0.9999999762285805	0.9999999757375355	0.9999999766433403	0.8861845403055594	0.8839198933989446	0.8887252006620809	0.8863231880991824	0.8840588047766719	0.8888129881315044	0.8514593966060633	0.8489640683135187	0.8541378220626477	0.7747479114511855	0.7705644384117767	0.7800639692737878	0.7747479114585026	0.7705644384082571	0.7800639692734364	0.23041999999999999
MNAR	0.47105263157894733	lin	mse	24.974333532111505	24.73242763569432	25.226653727554737	119156717.56697758	116067164.74160047	121592522.75260746	119011517.02198084	115980793.54871425	121410379.29777159	155523089.5248293	152451327.69308835	158760553.27424395	235803632.71168673	229552432.37748626	240619297.63998204	235803632.70397604	229552432.3909753	240619297.68054146	0.23041999999999999
MNAR	0.4973684210526315	lin	ev	0.9999999761148226	0.9999999755960456	0.999999976647029	0.8806602417256127	0.8788606864607708	0.8828431832403025	0.8808379752499391	0.8789494598750355	0.8830321258770357	0.8444713142735415	0.841655383510032	0.8475996081748591	0.763085155657065	0.7567702011642014	0.7688463069119571	0.7630851556533657	0.756770201177005	0.7688463068900445	0.24356000000000003
MNAR	0.4973684210526315	lin	mse	24.91540517918455	24.634442195535026	25.2526787451309	124940503.12994461	122895323.96463653	126815235.7084109	124754278.4116035	122700290.73996882	126646616.8182758	162841355.1312725	159403287.7606648	166270302.62078962	248032479.85946372	242217515.91971418	253915965.883282	248032479.86341086	242217515.93722734	253915965.8872614	0.24356000000000003
MNAR	0.5236842105263158	lin	ev	0.9999999760691256	0.9999999755774945	0.9999999764677907	0.877041817104596	0.8756761402117469	0.8787307624630144	0.8772361415625314	0.875752771210788	0.8790249233687453	0.838308466811763	0.8364816391975214	0.8401332171108199	0.7539135084248785	0.7483055821804139	0.759089614009705	0.7539135084141283	0.7483055821705796	0.7590896140103717	0.2557
MNAR	0.5236842105263158	lin	mse	25.060105423021614	24.733105285809835	25.362955633618064	128739787.95059963	126135897.11834072	131437697.23352787	128535831.14762628	125902872.4786164	131170799.97851688	169300868.88542122	166946990.78283203	171186965.89083526	257625678.26811367	251154914.3272844	264186694.68155092	257625678.27933574	251154914.3523259	264186694.6990978	0.2557
MNAR	0.55	lin	ev	0.9999999761943948	0.9999999756220197	0.9999999768900137	0.8722146908903493	0.8702627651652289	0.8741554024645722	0.8724313734178724	0.8703078995893005	0.8743988041186213	0.8325389042169539	0.8302392276977983	0.8342401634288976	0.743191897731447	0.7402514926858964	0.7470940843103868	0.7431918977275622	0.7402514926234423	0.7470940843062417	0.26940000000000003
MNAR	0.55	lin	mse	24.951364451996568	24.640057968857484	25.293851562307058	133785908.72298063	131608978.82576105	135749469.451095	133558685.6114549	131359860.38881211	135512200.6115797	175337016.05632934	173405233.25658834	177257863.7915913	268846152.52543074	264523963.7741397	272096544.9418311	268846152.52945286	264523963.77107182	272096544.92869437	0.26940000000000003
