missing_type	missing_rows_proportion	model	evaluation_metric	drop	drop_lower	drop_upper	mean	mean_lower	mean_upper	median	median_lower	median_upper	random	random_lower	random_upper	regression	regression_lower	regression_upper	stochastic	stochastic_lower	stochastic_upper	missing_cells_proportion
MAR	0.05	lin	ev	0.9999996406331794	0.9999996373995123	0.9999996442322868	0.9833157200555718	0.9820391557285147	0.9847256699777754	0.9833657093842371	0.9820513429531078	0.9847886080049149	0.9661464615788863	0.9643535718220542	0.9677072774089177	0.90950042483793	0.9055826478086471	0.9144341012936499	0.9095004248560393	0.9055826478336642	0.9144341016607589	0.024459999999999996
MAR	0.05	lin	mae	3.9344602331132155	3.921545052875258	3.946117799007879	439.81484588631605	418.2731566796499	465.5508387972842	439.2916008832141	417.2614535875817	465.0535832658748	646.8752082892348	625.2555725424286	668.0559476058751	1663.107958222336	1588.9654511617048	1730.6544522592526	1663.1079578169683	1588.9654451854128	1730.6544519233444	0.024459999999999996
MAR	0.05	lin	mse	24.539029009471133	24.355214781170037	24.685109588517264	1138234.996615348	1043957.3511550347	1221828.9075816988	1134826.2040525125	1037501.9876226487	1217276.5428757938	2309731.6325404947	2201696.253321909	2428407.09522918	6174631.72674239	5850817.887480755	6425150.3892724365	6174631.725524141	5850817.889228713	6425150.383468214	0.024459999999999996
MAR	0.05	lin	rmse	4.953596450590222	4.9350999603745365	4.968411061898813	1065.3098435970378	1021.7419511795248	1105.3629271246168	1063.692795421639	1018.5774937738195	1103.3025009471942	1518.446142128211	1483.8113734798194	1558.3346622741904	2483.2181073023803	2418.846389852083	2534.788035406187	2483.2181070404135	2418.84639021342	2534.7880342613016	0.024459999999999996
MAR	0.07631578947368421	lin	ev	0.9999996399176801	0.9999996358639314	0.9999996440017704	0.9729974192011924	0.9712136753397804	0.9745286705656337	0.9731020730730137	0.9713193416405418	0.9745778237754849	0.9511355600856546	0.9476796321310004	0.9542107245678665	0.8846737529124575	0.8800420363937654	0.8883774142715912	0.8846737529264475	0.8800420363740131	0.888377414342816	0.03732
MAR	0.07631578947368421	lin	mae	3.9385396343480403	3.9207334726851695	3.9512354604380624	588.6526076455292	564.235385654291	611.6474557352371	587.9467982241948	564.4284962309958	612.3978013934991	825.1701156795185	805.2018750224303	851.72421142312	2004.0017128084337	1960.751582083904	2059.019420769282	2004.001712545695	1960.7515814967712	2059.019421216496	0.03732
MAR	0.07631578947368421	lin	mse	24.59825519276093	24.440033417293826	24.752033126163724	1843013.1108138096	1727303.0164745657	1966329.7908724165	1835886.1823417898	1720705.9659423889	1961429.8881614415	3335197.103464029	3137339.8743077037	3596198.912904419	7868603.458904998	7615521.595538794	8144271.907229994	7868603.457929411	7615521.59236916	8144271.908754872	0.03732
MAR	0.07631578947368421	lin	rmse	4.959570174554862	4.943686217509313	4.975141501094306	1356.1466320150423	1314.2686676334085	1402.258800959135	1353.5163688119624	1311.756822226695	1400.5103185731427	1824.5618543144267	1771.2519256806768	1896.3611158187928	2804.2251953867967	2759.6233869009147	2853.817076513553	2804.2251952192687	2759.6233863262787	2853.817076780716	0.03732
MAR	0.10263157894736842	lin	ev	0.9999996404400817	0.999999636366588	0.9999996457904095	0.9636213006963188	0.9619582396572505	0.9662275513910774	0.963725338683719	0.9618828014480947	0.9662594174147426	0.9391063748686739	0.9360861024456328	0.9416380871963554	0.8705357946061568	0.8680441883197971	0.8726782953478087	0.8705357946068918	0.8680441883207918	0.8726782953065539	0.05016
MAR	0.10263157894736842	lin	mae	3.934610660110019	3.9156954819017504	3.9518169716228657	707.351584789896	683.0012573033503	720.7759514796182	707.1622241072341	683.2628288847676	720.5243509246211	985.5161118790455	965.249929206353	995.8722528457159	2184.2542421145763	2150.283016884142	2217.512842402851	2184.2542420552018	2150.2830181763743	2217.5128427347117	0.05016
MAR	0.10263157894736842	lin	mse	24.553593735706315	24.345795496989126	24.734230494698025	2482131.005977892	2323487.4916242855	2604399.3493339587	2475052.82361511	2321469.02067473	2597054.4325143127	4154892.1466748314	4014811.908869794	4351909.586472478	8833213.550626412	8675759.058788968	8986270.10651448	8833213.550577935	8675759.060810998	8986270.102816645	0.05016
MAR	0.10263157894736842	lin	rmse	4.955039995214987	4.9341456576605776	4.973351912390833	1574.4483208221106	1524.294943944519	1613.8149978798908	1572.2118559908602	1523.6261874524353	1611.5376542659283	2037.5173207315963	2003.698672346029	2086.123099273167	2971.690697807526	2945.463616173322	2997.7101028898524	2971.690697803952	2945.463616516409	2997.710102273119	0.05016
MAR	0.12894736842105264	lin	ev	0.9999996403213695	0.9999996359185702	0.9999996450373615	0.9544236303282747	0.9521824191014201	0.9566398787523425	0.9545706883655329	0.9524997822618093	0.9567588103150517	0.9250504261551233	0.9229028034479614	0.928269198431896	0.8573355276564187	0.8546233403719986	0.8604722985886828	0.8573355276915952	0.8546233403355117	0.8604722985919102	0.06301999999999999
MAR	0.12894736842105264	lin	mae	3.936453612623584	3.9130798565979727	3.9578158822555394	830.2812261037044	810.2737054518309	848.648043713102	829.598503549538	809.8983365857498	848.1449757510871	1155.548569276987	1134.9858391822863	1175.038725803587	2330.9048834318623	2306.8503706890983	2359.8374039652645	2330.9048833797524	2306.850370073293	2359.837403760729	0.06301999999999999
MAR	0.12894736842105264	lin	mse	24.56296462188409	24.298039732982495	24.812029811554247	3109824.831838811	2947456.948952522	3243704.233127021	3099816.8285454623	2936824.7599945753	3221128.8340270487	5114120.149370582	4918808.729864637	5270904.150641261	9733435.994853439	9515872.295639103	9936902.531266741	9733435.992454741	9515872.294969289	9936902.539873224	0.06301999999999999
MAR	0.12894736842105264	lin	rmse	4.955976505156942	4.929304156637011	4.981167359094034	1762.4886041363031	1716.815930304844	1801.0282440614224	1759.6742286282645	1713.7166300514846	1794.7503348126447	2260.5550116607155	2217.838729922672	2295.8449737729675	3119.530281470379	3084.7775840853737	3152.285237763943	3119.5302810813578	3084.777583977242	3152.285239128988	0.06301999999999999
MAR	0.15526315789473683	lin	ev	0.9999996409350612	0.9999996371387927	0.9999996464552519	0.9459571605424945	0.9435001191088537	0.9479835033931434	0.9461268279731834	0.9436772958803721	0.9479135347380586	0.9142980149670784	0.9114649713507834	0.9161025492812558	0.8479199824493171	0.8455752010258347	0.8497530952236573	0.8479199824556202	0.845575200933135	0.8497530952181696	0.07546
MAR	0.15526315789473683	lin	mae	3.932128945028305	3.9175240471742825	3.947631619272525	939.5055331316408	914.5237492552737	962.4045195865893	938.6103588869237	916.8838904103061	962.0688632246264	1292.8946839918574	1270.1940215576906	1313.3580651819282	2420.5846614608427	2402.650777706007	2437.4431587929676	2420.584661464786	2402.6507778399464	2437.4431586219225	0.07546
MAR	0.15526315789473683	lin	mse	24.501565734756856	24.29293511626293	24.61452377366367	3687188.99121899	3547730.7686917847	3836488.014219064	3675620.0929047717	3551157.539698653	3818712.228611431	5847770.954036267	5724485.753640777	6022752.098548839	10375850.13193964	10220522.374245752	10511376.114789408	10375850.13150913	10220522.37575893	10511376.114466982	0.07546
MAR	0.15526315789473683	lin	rmse	4.94980372607184	4.928786373386014	4.96130262720313	1919.5866300557057	1883.5401974120464	1958.6950742234637	1916.5697163249724	1884.451479242025	1954.1523928515428	2417.3763487943597	2392.587425384428	2454.1295814066107	3220.9237497106324	3196.955095735175	3242.124357204954	3220.9237496447254	3196.9550959718763	3242.1243571551104	0.07546
MAR	0.18157894736842106	lin	ev	0.9999996418168532	0.9999996360348409	0.9999996474242152	0.9359389951032447	0.9340029057595196	0.9375709119691606	0.936142156417255	0.9343071609155817	0.9379623752687485	0.901228847979016	0.8977891806321769	0.905212908468236	0.8389243203233786	0.8359674260828165	0.8414748455382423	0.8389243203314273	0.8359674260614745	0.841474845529941	0.08868000000000001
MAR	0.18157894736842106	lin	mae	3.9295031676508465	3.910195842095946	3.9456786897271385	1065.1022308916804	1050.4976389251262	1080.415814784307	1064.0242999095947	1048.8788847268818	1079.1398968396563	1451.611186260971	1429.739710869747	1473.8478107309145	2512.892677696341	2494.287148432396	2532.0510905357914	2512.8926776177846	2494.287147146193	2532.051090367502	0.08868000000000001
MAR	0.18157894736842106	lin	mse	24.4748704419231	24.229045749688108	24.689028174878395	4370710.650787882	4225129.792323074	4494973.110772814	4356894.786637262	4213965.127839103	4475413.465661741	6739723.903085956	6540629.478106328	6946097.844162253	10989771.304705435	10777317.207324095	11142023.593253765	10989771.304156363	10777317.20342103	11142023.587848617	0.08868000000000001
MAR	0.18157894736842106	lin	rmse	4.94706510460362	4.922298349350585	4.968805361326474	2090.039119267129	2055.5116501435027	2120.135116967851	2086.753501435738	2052.79366185601	2115.517284695762	2595.3597203695444	2557.4653380772284	2635.545046670747	3314.7540661253042	3282.881523051715	3337.9667934453087	3314.7540660416835	3282.8815224569626	3337.9667926358156	0.08868000000000001
MAR	0.20789473684210524	lin	ev	0.9999996412821431	0.999999635272247	0.9999996486305629	0.9270696797086276	0.925082493629084	0.9294405432149306	0.9272383333718204	0.925276504017208	0.9296961989768172	0.8903114683517148	0.8874615668168344	0.8933740837589002	0.8314089092865362	0.8283225189998449	0.8347774875425864	0.8314089092828386	0.8283225190152284	0.834777487566539	0.10192
MAR	0.20789473684210524	lin	mae	3.9349129209598717	3.9006695140142753	3.9549224604387083	1176.6774391865804	1149.2521919850014	1205.1535409292253	1175.7698789306962	1150.342872670259	1204.0220194919932	1594.2488273710653	1570.245119797635	1615.5233841802674	2577.200434686848	2557.6948323495876	2596.9954762379225	2577.2004346771528	2557.6948317400806	2596.995476624255	0.10192
MAR	0.20789473684210524	lin	mse	24.521952686237825	24.205315076979566	24.819752986528087	4975613.846788881	4802202.190004241	5107867.543409704	4964112.413669234	4774865.103674963	5112219.351355452	7483985.380642705	7324898.520372824	7695847.55023665	11502327.972302556	11284467.699508147	11710372.936970368	11502327.97255659	11284467.700294062	11710372.935940726	0.10192
MAR	0.20789473684210524	lin	rmse	4.951774615546238	4.919889740728468	4.981940992025657	2229.9276496608627	2191.3926040535925	2260.0590896220087	2227.3555768525866	2185.146471482393	2261.021731123074	2735.0217761613517	2706.454226699278	2774.138856836195	3391.271438989078	3359.2358959154685	3422.0412967122506	3391.271439025829	3359.2358960327365	3422.041296561941	0.10192
MAR	0.23421052631578948	lin	ev	0.9999996414029211	0.9999996358866516	0.9999996472852926	0.9185787974587365	0.9158218340988439	0.9212508171390537	0.9187713383532861	0.9163106124617357	0.9213411079787672	0.8797234508606931	0.875594441862021	0.8848730406517873	0.824798198771662	0.8212461461214162	0.8285648949060046	0.8247981987700453	0.8212461460715454	0.8285648949203709	0.11470000000000001
MAR	0.23421052631578948	lin	mae	3.933705619628556	3.9037163976916727	3.95708536057022	1290.453373844183	1272.8312791529315	1314.4823413647657	1289.2889774618372	1270.734053433795	1313.3225627129236	1730.3760607213487	1698.8306061406838	1756.7113098994937	2632.8662175023264	2610.7029503841727	2653.202457945209	2632.866217464736	2610.7029506296617	2653.20245772386	0.11470000000000001
MAR	0.23421052631578948	lin	mse	24.53027451218262	24.224398688940724	24.811550348454038	5555113.1150404215	5369561.1458032	5741349.353814638	5541979.848854887	5344144.376485818	5740269.596203369	8206549.929157069	7919159.1945332475	8503758.184905387	11952986.726500893	11710800.395910803	12200242.954405932	11952986.726609798	11710800.397059716	12200242.95470546	0.11470000000000001
MAR	0.23421052631578948	lin	rmse	4.952653756368293	4.921828602124307	4.98111936331072	2356.1892325291637	2317.231016858586	2396.1108707416925	2353.3944848475066	2311.740550520477	2395.8859174603826	2863.844479462275	2814.097630264635	2916.120398370806	3457.024552819276	3422.1046679824303	3492.8839510757034	3457.0245528346436	3422.104668150299	3492.883951118596	0.11470000000000001
MAR	0.26052631578947366	lin	ev	0.9999996403364598	0.9999996357051731	0.9999996460512476	0.9095765798050419	0.9067192086329225	0.9128035609077568	0.9097915583655829	0.9071553020927242	0.912800914696308	0.8677549767407409	0.8645696535740961	0.8703242872434914	0.8177124310447751	0.8143582743616111	0.8207406592678411	0.8177124310518107	0.8143582743650886	0.8207406594070805	0.12732
MAR	0.26052631578947366	lin	mae	3.936626046028903	3.913157143664086	3.955658637570468	1397.8666426442755	1380.305524001414	1419.233464035187	1396.5710082650187	1379.446036347793	1417.4138748260234	1861.0800527026088	1832.200118223715	1890.181663436048	2684.8938450625137	2667.346080457004	2709.5579422340925	2684.893844996302	2667.346080488768	2709.5579422305004	0.12732
MAR	0.26052631578947366	lin	mse	24.56862985643087	24.315704879360847	24.791787918559198	6170177.594534794	5980848.063749228	6388406.915397603	6155531.446031331	5955258.782124039	6346962.646147278	9024670.192150155	8766229.893544424	9271240.864321955	12437295.35353527	12206996.64621095	12602786.567405287	12437295.353059553	12206996.645643415	12602786.565473953	0.12732
MAR	0.26052631578947366	lin	rmse	4.956575605437263	4.931094690904219	4.979135088619143	2483.3309955615064	2445.5772450581144	2527.5292588110497	2480.3783207891875	2440.338399085737	2519.317893018945	3003.61401593777	2960.7818639442235	3044.871018184329	3526.29642859967	3493.851262676315	3550.0402768613594	3526.296428532163	3493.8512625950966	3550.04027658938	0.12732
MAR	0.2868421052631579	lin	ev	0.9999996417472741	0.9999996365907721	0.9999996468363926	0.9024778898546358	0.9003924242536506	0.9053591830360405	0.9027211318869837	0.900703006265315	0.9057277478891439	0.8582009855834924	0.8551700786241188	0.8618877142276007	0.8126107107627146	0.8101270141496706	0.8152420721751394	0.8126107107542369	0.8101270141281285	0.8152420721492444	0.14042000000000002
MAR	0.2868421052631579	lin	mae	3.930688490584751	3.913169408937127	3.9475522472421667	1494.3204333184774	1474.5634831425484	1514.2399709384633	1492.6333895406879	1472.4546511471676	1513.4541485103807	1977.9671352955388	1952.0532089318563	2008.70394547208	2732.2520164212265	2717.6294528263866	2752.9386569446065	2732.252016472942	2717.629452813778	2752.9386570310644	0.14042000000000002
MAR	0.2868421052631579	lin	mse	24.50917606404689	24.29232709839925	24.73737770998756	6653270.877505566	6508673.958893789	6833071.514525881	6636681.696884563	6466614.0554897785	6805510.314336666	9674835.483830517	9440660.803490099	9849108.702027017	12785367.496723395	12605532.978911743	12956156.49573253	12785367.497296667	12605532.97714567	12956156.495181154	0.14042000000000002
MAR	0.2868421052631579	lin	rmse	4.950508418008521	4.928724685348148	4.973667990554075	2579.018692042147	2551.210255263767	2614.0011941682938	2575.7985921169716	2542.9527025962116	2608.727557016572	3110.072687494969	3072.5658156236054	3138.32895717776	3575.454433585605	3550.4270276659468	3599.466131428187	3575.4544336665076	3550.427027417202	3599.466131351591	0.14042000000000002
MAR	0.3131578947368421	lin	ev	0.9999996409027878	0.9999996372792891	0.999999643964977	0.8932990988229499	0.8906655491831441	0.8964060619825196	0.8935996793774444	0.8908585403247419	0.8967926640093324	0.84644068177194	0.842801388325981	0.8504637336104871	0.8054562871322295	0.8028280200140098	0.8076445089592106	0.8054562871290177	0.8028280200421938	0.8076445089730844	0.15274
MAR	0.3131578947368421	lin	mae	3.933129186823726	3.9083245733436156	3.9569927408846137	1609.75227479318	1586.3874280986186	1641.3027270990349	1607.5052158921262	1582.8565859398668	1639.6345022675791	2096.7388811689325	2071.597807524017	2123.085205425459	2779.68124185569	2765.654234261731	2796.033123205274	2779.6812419267912	2765.6542340544133	2796.033123387306	0.15274
MAR	0.3131578947368421	lin	mse	24.535005556959646	24.219166048495474	24.74411957153151	7279641.084375738	7062652.369497168	7508891.635378442	7259148.492548853	7059550.1555313645	7491072.494893043	10477840.440296512	10211340.67864014	10700036.999912616	13273009.405794825	13081102.428470459	13456418.442603298	13273009.406009343	13081102.42769092	13456418.443552146	0.15274
MAR	0.3131578947368421	lin	rmse	4.953102772110791	4.92129495204663	4.974346075615667	2697.5943359470107	2657.565110618232	2740.235292056189	2693.8033583995198	2656.9813218994113	2736.9823353391116	3236.4852124194895	3195.5187941638205	3271.086550501456	3643.0045730507427	3616.780228256316	3668.299073256834	3643.004573080551	3616.780228148534	3668.2990733861607	0.15274
MAR	0.3394736842105263	lin	ev	0.9999996428866913	0.9999996365579217	0.9999996490501436	0.884827048132903	0.8818063398198082	0.8875736667394469	0.8851583911838677	0.8822014057707058	0.8880768914730143	0.8375883028178247	0.8342329460079208	0.8404506071069159	0.8004240191170647	0.7976781291779689	0.8033288217881556	0.8004240191125187	0.7976781291714404	0.8033288217919131	0.16665999999999997
MAR	0.3394736842105263	lin	mae	3.9264262717368363	3.8987939085761316	3.947521902673963	1719.18513582221	1693.4591727459467	1748.8247764362839	1716.6748265107622	1692.6365302569761	1748.046719030041	2216.9223745008735	2193.519544308245	2245.451940689584	2821.616178432795	2807.0577184474437	2840.6229926043366	2821.6161784058518	2807.0577186297987	2840.6229924395116	0.16665999999999997
MAR	0.3394736842105263	lin	mse	24.4362461994674	24.068544745330673	24.731018224785537	7858310.450420481	7670009.960832696	8091852.754794369	7835729.789114876	7641349.8072628975	8057556.491483433	11082240.919697803	10829420.764248632	11328240.195998786	13615787.076945836	13443927.054254266	13814979.394678224	13615787.077253817	13443927.052547378	13814979.394493053	0.16665999999999997
MAR	0.3394736842105263	lin	rmse	4.94306296550693	4.905969588353931	4.973029071481787	2802.740758030517	2769.4762460350908	2844.6182089202475	2798.729131520894	2764.29881152725	2838.5835054321296	3328.603409925481	3290.8085014772832	3365.744937359449	3689.8082197886515	3666.596110856327	3716.850736096905	3689.8082198305674	3666.5961106235677	3716.850736071996	0.16665999999999997
MAR	0.3657894736842105	lin	ev	0.9999996424304524	0.9999996360841901	0.9999996492259298	0.8770272258446268	0.873920482865724	0.8801831169082058	0.8772566177224888	0.874119377909862	0.8805405621895126	0.8279814583460411	0.8248498814267687	0.8321316231490097	0.7956524093944839	0.792545531161932	0.7984140317815692	0.7956524093981885	0.792545531160266	0.798414031782694	0.17883999999999997
MAR	0.3657894736842105	lin	mae	3.927440976355138	3.8990839364800327	3.9482019654698215	1816.8792945450903	1789.215586476769	1841.105154244207	1815.1577434990363	1787.3006509905867	1838.598877016222	2318.6965408664532	2295.1611280338825	2344.757635473805	2858.3139138300303	2843.268546215909	2877.458594143052	2858.3139137698704	2843.2685459757304	2877.458594895991	0.17883999999999997
MAR	0.3657894736842105	lin	mse	24.480177670103348	24.17271282308025	24.660091453734047	8391007.756323934	8178298.026937253	8616641.30540823	8375389.060558308	8147911.377585246	8605901.333709348	11738460.678333769	11467669.903176308	11993051.32602943	13941945.261938464	13812783.204500496	14149113.267081434	13941945.261683185	13812783.203164553	14149113.268187713	0.17883999999999997
MAR	0.3657894736842105	lin	rmse	4.947599328656492	4.916575233838574	4.96589281517529	2896.2716014610673	2859.7723727411885	2935.4115448371645	2893.5522485554784	2854.4546550107043	2933.5813797143264	3425.7632854104113	3386.3947030046993	3463.098020653327	3733.7016024851605	3716.5552490136147	3761.530653718449	3733.7016024499044	3716.5552488339144	3761.5306538654636	0.17883999999999997
MAR	0.3921052631578947	lin	ev	0.9999996416446247	0.9999996347608324	0.9999996475821277	0.8681891987808622	0.8653976377562124	0.8714054943957501	0.8684800720131786	0.8657819755294851	0.8714250607262713	0.8184334343644584	0.8151495888114488	0.8218472350375765	0.7896398944772381	0.7861607075225119	0.793514768960763	0.7896398944887288	0.7861607075195614	0.79351476895773	0.19207999999999997
MAR	0.3921052631578947	lin	mae	3.925448345546738	3.8991735883374123	3.954917018592079	1929.0904137386422	1903.9390234700923	1958.7319232004868	1926.9682423923846	1901.120064832899	1952.7973852331334	2425.6183615640925	2394.4434473029787	2448.9431211300835	2898.068339673598	2877.4328008100133	2924.461956534792	2898.0683395749434	2877.432800476852	2924.4619563890465	0.19207999999999997
MAR	0.3921052631578947	lin	mse	24.45276796261932	24.138777779322094	24.79853994304157	8992950.72909575	8773028.518133465	9127303.396018501	8973149.559561672	8748197.099777166	9103380.947771791	12388332.617921405	12171140.98888773	12560799.023294676	14351661.759236997	14145977.654542625	14552011.60800738	14351661.758463955	14145977.651654897	14552011.607623141	0.19207999999999997
MAR	0.3921052631578947	lin	rmse	4.944721301326834	4.913120770300577	4.979813168537642	2998.39265663208	2961.9297658421706	3021.1426873938694	2995.097339716414	2957.7350001958903	3017.180950372181	3519.3765713060643	3488.7160011889905	3544.1217526108294	3788.08575536448	3761.1138796835467	3814.709897697182	3788.085755262437	3761.1138792996417	3814.7098976468196	0.19207999999999997
MAR	0.4184210526315789	lin	ev	0.9999996428247746	0.999999635528855	0.9999996501374139	0.860660026793762	0.8567132501054828	0.8643105814489721	0.8608886236294547	0.8573264171255279	0.8646491380062159	0.8088909103959965	0.8026940158969026	0.8151226555123658	0.7831610531468971	0.7802306114616693	0.7864571492554577	0.783161053145658	0.7802306114411742	0.7864571492422783	0.2046200000000001
MAR	0.4184210526315789	lin	mae	3.924343534602087	3.904371985883757	3.9522001924314827	2017.5345909427167	1982.3751065152787	2046.8351666599851	2015.7850723580043	1981.6641559572145	2049.531085897518	2523.489779485835	2489.1204159015647	2561.1726060759433	2940.385923344592	2922.9095608467687	2959.5343522879907	2940.3859233606076	2922.9095611001803	2959.534352195828	0.2046200000000001
MAR	0.4184210526315789	lin	mse	24.387135407014902	24.11324665559661	24.543809462072417	9506786.051049966	9223795.476876155	9800272.645551061	9491171.903742641	9207298.567075208	9767924.469867745	13040009.330920529	12637017.783479176	13424421.692555165	14793402.368388304	14560439.669599518	15052293.878173102	14793402.368476538	14560439.669022955	15052293.877445225	0.2046200000000001
MAR	0.4184210526315789	lin	rmse	4.938154585598906	4.910523999567113	4.954170891733666	3082.591272716425	3037.070062493379	3130.538460760132	3080.0736112994123	3034.352224564632	3125.3676815211265	3610.484181975811	3554.858254345298	3663.934849542804	3845.9583703065523	3815.8143714955727	3879.726980404001	3845.9583703183366	3815.814371420018	3879.726980310176	0.2046200000000001
MAR	0.44473684210526315	lin	ev	0.9999996437222878	0.9999996367182931	0.9999996517956358	0.8540621276423298	0.850582113555509	0.856930194485465	0.8543756455462582	0.851034648992339	0.857098969752859	0.8003497825462037	0.7971099550188047	0.8027150325596419	0.7791530428647415	0.7761297843599109	0.7839130732519524	0.7791530428649917	0.7761297843660161	0.7839130732532018	0.21712
MAR	0.44473684210526315	lin	mae	3.9178240871603673	3.892723119932525	3.9392897107517735	2106.8263215254165	2084.6817684538987	2127.2019721704714	2104.4786005671904	2082.387342157615	2127.0691315052786	2610.8456575409527	2592.573925815615	2628.924910288858	2974.4676060512393	2952.909230427482	2992.8055551890657	2974.467606003821	2952.9092304855876	2992.8055550011045	0.21712
MAR	0.44473684210526315	lin	mse	24.339950099326735	24.009928167760254	24.651107290650273	9957496.59947297	9770374.62274936	10149581.008052975	9936178.494080957	9773715.651817225	10131811.903073154	13622369.52443739	13402765.044199158	13785780.920266889	15066875.528271342	14815461.820576074	15255322.202807996	15066875.528251352	14815461.823061034	15255322.205946553	0.21712
MAR	0.44473684210526315	lin	rmse	4.933306784632239	4.899992332807329	4.964988065166524	3155.201213830651	3125.759698532872	3185.840185936093	3151.817277094603	3126.2940982768905	3183.049341128749	3690.5437181966495	3660.978081256896	3712.9208020401825	3881.371074837256	3849.0849363635557	3905.8047030152547	3881.371074834138	3849.084936686487	3905.8047034170045	0.21712
MAR	0.47105263157894733	lin	ev	0.9999996433767694	0.9999996363247016	0.9999996517498155	0.8453755637392174	0.8413749313336711	0.8490347707137602	0.8456889485212676	0.8421830896091964	0.8495006150403583	0.7918523322109702	0.7884707588978233	0.7948652335441819	0.7732342896032111	0.7702657887835851	0.7755989556927159	0.7732342896000368	0.7702657888161446	0.7755989556886136	0.23046000000000003
MAR	0.47105263157894733	lin	mae	3.9241188999411247	3.893209136260217	3.955794470263926	2212.3298131236425	2182.0328671074485	2243.748076846991	2209.8834301378506	2184.090997986588	2240.8027621825513	2702.098689306402	2677.8310598893067	2725.308990378166	3015.417397450936	2996.858244111477	3042.3045617415887	3015.4173974801192	2996.85824393045	3042.304562278564	0.23046000000000003
MAR	0.47105263157894733	lin	mse	24.369692435549883	24.026762423171377	24.69388308740099	10550050.812713876	10327919.922566973	10843996.414889887	10528653.69585982	10307290.208357122	10792298.524471559	14202300.689825697	13992611.854146507	14504107.419160776	15471220.865180118	15242439.203712504	15688036.889710523	15471220.865390448	15242439.204921797	15688036.889549822	0.23046000000000003
MAR	0.47105263157894733	lin	rmse	4.936300107818741	4.901709978879508	4.969293760132637	3247.606408389441	3213.7081139792444	3293.021037374109	3244.3068385168126	3210.496825683544	3285.16326259265	3768.2708076648037	3740.6697461636136	3808.425802717874	3933.1565148984664	3904.1558623312308	3960.812566512663	3933.1565149254784	3904.155862486093	3960.81256649237	0.23046000000000003
MAR	0.4973684210526315	lin	ev	0.999999642448943	0.9999996333333975	0.9999996543027004	0.8380366675969385	0.8347157140975551	0.840834920994737	0.8383436594718794	0.8347318697327515	0.841370660059285	0.784062644511863	0.7812978569598873	0.7865493829858847	0.7678885294821886	0.7650825939309304	0.7709384802071532	0.7678885294788603	0.7650825939412232	0.770938480212931	0.2431
MAR	0.4973684210526315	lin	mae	3.924475589276953	3.89399404499535	3.9597734234297612	2298.4184965490513	2274.740574991179	2321.911590804676	2295.9551401531335	2272.3183906862596	2316.295404433215	2783.8147740115405	2767.121089568212	2805.55134275205	3046.985792634035	3025.506551772068	3066.804564501116	3046.985792624501	3025.506551784709	3066.8045646164383	0.2431
MAR	0.4973684210526315	lin	mse	24.42248460627216	24.09742040933172	24.807010623319165	11050304.343479643	10858429.866022868	11243788.374017712	11029381.832936205	10822062.348736202	11212368.456945509	14733314.171140166	14549069.00709546	14983745.262813725	15836488.780170584	15661974.012419708	15984548.080516007	15836488.780396549	15661974.014118733	15984548.08032954	0.2431
MAR	0.4973684210526315	lin	rmse	4.941584375450632	4.908912344447222	4.9806632111177285	3323.8760763158452	3295.2127558940624	3353.1750134521767	3320.7197133330505	3289.689756725663	3348.487229643053	3838.161372897822	3814.3241821663487	3870.884269112212	3979.2893042958394	3957.5211920407924	3998.067868096406	3979.2893043241183	3957.5211922554463	3998.0678680730402	0.2431
MAR	0.5236842105263158	lin	ev	0.99999964465161	0.9999996367290698	0.9999996530601756	0.8324071781753826	0.829535554987654	0.8346052540113689	0.8327278377850372	0.8299513837366488	0.8354843632089168	0.7771593048068308	0.7744672102014142	0.7801093757289659	0.7657174329378846	0.7619474965688601	0.7693743089010805	0.7657174329520587	0.7619474966997012	0.7693743088819699	0.25598000000000004
MAR	0.5236842105263158	lin	mae	3.9241027932689185	3.8920080732126836	3.9498677374281614	2378.294536249081	2359.905298125027	2403.736413325555	2375.5211930772393	2351.4835142014704	2400.712217370389	2856.9983299826063	2843.1474571995277	2874.988110797765	3069.827071043319	3046.8387034087414	3092.7264351977565	3069.827070964084	3046.8387035560036	3092.726434115371	0.25598000000000004
MAR	0.5236842105263158	lin	mse	24.398148824238383	23.99651514182383	24.779923936530118	11435024.615427902	11275710.835274791	11632966.263771622	11413149.049154595	11231946.522644006	11612046.626439562	15205383.12623974	15037020.010514794	15422982.017595738	15984564.355455376	15622395.542482276	16236076.270562842	15984564.354500683	15622395.54246446	16236076.27259679	0.25598000000000004
MAR	0.5236842105263158	lin	rmse	4.939135951923502	4.898623634937607	4.9779437222741585	3381.225247578776	3357.932505261523	3410.713439360472	3377.9635827085094	3351.4093119396675	3407.6452984562106	3899.108420823661	3877.759631636549	3927.210276978001	3997.800233345059	3952.516077166902	4029.4013490226935	3997.800233225481	3952.5160771645455	4029.401349275025	0.25598000000000004
MAR	0.55	lin	ev	0.9999996457097389	0.9999996385665193	0.9999996542569929	0.8262235511605119	0.8232536731280928	0.8294090504435391	0.8264919858153348	0.8237188545607268	0.8292693634014785	0.7707966927819362	0.7681408528308569	0.7738670399994718	0.7619051052794295	0.759465820939358	0.7640671263404731	0.7619051052843433	0.7594658209415499	0.7640671263704748	0.26874000000000003
MAR	0.55	lin	mae	3.9139043486829843	3.8746562734751686	3.9473285663687707	2456.302718874376	2425.3461866563375	2489.8927628098863	2454.2302054166717	2424.7862382782623	2485.281769240404	2927.8441549934714	2911.031478309066	2951.9929671680275	3093.8103181831266	3077.2086458157164	3110.9061351285955	3093.8103181453216	3077.208645890298	3110.906135000928	0.26874000000000003
MAR	0.55	lin	mse	24.284333801469426	23.78779445897019	24.674834755304165	11856885.636599896	11614415.020242032	12068427.940755708	11838516.045516603	11597858.776261492	12082840.046027126	15638804.753399678	15424108.45912895	15886865.652007997	16244278.545750894	16126568.47815884	16418933.351605216	16244278.545417693	16126568.47728606	16418933.352479978	0.26874000000000003
MAR	0.55	lin	rmse	4.927493067027046	4.877273260574118	4.967376652934281	3443.0564679618174	3407.992804997086	3473.9642495942	3440.383326193019	3405.5628935605137	3476.0372066344594	3954.3218219173605	3927.353868388538	3985.8261658840065	4030.2273757268426	4015.7898112930066	4052.0281915690925	4030.2273756854474	4015.7898111843188	4052.028191677112	0.26874000000000003
MCAR	0.05	lin	ev	0.9999996398342218	0.9999996360367591	0.9999996444308155	0.982766755164649	0.981666700533135	0.9839812490704501	0.982768494020121	0.9816476595497652	0.983970260888759	0.9659259088993202	0.9644742161338757	0.9679086117545843	0.9041870931023896	0.9005861678077106	0.9076942827568146	0.9041870931027367	0.9005861677334364	0.9076942827571806	0.024460000000000003
MCAR	0.05	lin	mae	3.93416026201685	3.918435727040104	3.9481745700234656	461.336777178649	440.2662038817176	484.0835974122697	461.3607093489945	440.36869937753636	484.77522688290145	652.1559076426502	630.6077112547249	672.602685273002	1752.5816757890277	1694.8006870815552	1806.15788530804	1752.5816755775104	1694.800687514045	1806.1578849046268	0.024460000000000003
MCAR	0.05	lin	mse	24.55479026538683	24.367148533220043	24.732730576252667	1175916.5780879	1090070.986759279	1262553.428281305	1175796.748084136	1090237.8715759546	1263010.1142276078	2325171.012416352	2191110.2378845126	2439936.730511376	6537168.576954355	6302846.103235472	6809341.751949977	6537168.576900702	6302846.104917308	6809341.757203698	0.024460000000000003
MCAR	0.05	lin	rmse	4.955186360292547	4.9363088972648255	4.973201226847886	1083.1673254369932	1044.0603379649601	1123.632920656937	1083.106636065199	1044.1419212901906	1123.8365078256047	1523.7739826436602	1480.2383664786762	1562.024618737077	2555.7702201197117	2510.5441563490213	2609.4676499649327	2555.770220090104	2510.544156683544	2609.4676509706533	0.024460000000000003
MCAR	0.07631578947368421	lin	ev	0.999999639445866	0.9999996348428439	0.9999996454436996	0.9735480739468055	0.971988091414224	0.975090787890545	0.9735417636249067	0.9720169211476417	0.9750778019304713	0.9520923576713805	0.9495386735015675	0.954252765963846	0.8817418242797354	0.8794336089160548	0.8844573772944235	0.8817418242877839	0.8794336088214448	0.8844573773035851	0.036879999999999996
MCAR	0.07631578947368421	lin	mae	3.9357785013378055	3.91497263453377	3.9505466719100992	593.0944148764374	566.4210109392747	619.7360907093714	593.2056881328012	566.3958676748238	620.6436616624221	825.0503803200514	804.2846204752497	845.9559922224392	2058.428013905324	2020.623667661613	2085.6498965509118	2058.428013777422	2020.6236676530373	2085.6498960940407	0.036879999999999996
MCAR	0.07631578947368421	lin	mse	24.568794266961355	24.34004779310387	24.774265604503785	1804555.2004824916	1697561.7680239235	1899066.4034373513	1804981.796061756	1698219.7927784154	1898879.9065645025	3268589.63367724	3094409.657852757	3437899.8892559474	8068143.881453696	7892793.282922261	8226580.193366773	8068143.880920627	7892793.281875916	8226580.20015157	0.036879999999999996
MCAR	0.07631578947368421	lin	rmse	4.956585633856898	4.933562851971345	4.97737523960479	1341.958596369442	1302.9023374035341	1378.0661821839803	1342.1195995561375	1303.1550728875204	1377.9984880509328	1806.442811331386	1759.0923896065435	1854.1574579309367	2840.048751708781	2809.410967362876	2868.2014001600483	2840.048751620407	2809.4109671766264	2868.201401342475	0.036879999999999996
MCAR	0.10263157894736842	lin	ev	0.9999996398546982	0.9999996369779196	0.9999996442988213	0.9640811367372575	0.9623084424746107	0.9659587965728922	0.9640730288985147	0.9623092203078977	0.9659835930875638	0.9394492006699082	0.9376259976831525	0.942363194335026	0.8666795788835714	0.8631350244668876	0.8707878823873937	0.8666795788876398	0.8631350244443922	0.8707878823781513	0.05048000000000001
MCAR	0.10263157894736842	lin	mae	3.937602339356527	3.9177763067965232	3.9544650015456453	723.0713633368343	703.6091604034311	742.6478418266515	723.1336482537326	704.0626953348777	742.6257900437768	997.1110388674975	977.2763905662946	1011.5965058407187	2246.3912614724513	2213.2397067439997	2284.0568335262114	2246.391261433565	2213.239707027854	2284.0568335583985	0.05048000000000001
MCAR	0.10263157894736842	lin	mse	24.58882873635944	24.354192793214366	24.719715361019944	2450683.8338477905	2330624.090468816	2601266.4844673756	2451240.24227614	2331609.4591890136	2599130.369815505	4131660.671666364	3944846.7194966828	4261076.6641444545	9095638.080436083	8854213.513665427	9320550.800356843	9095638.080152918	8854213.509967238	9320550.802817931	0.05048000000000001
MCAR	0.10263157894736842	lin	rmse	4.958592344429501	4.93499648411026	4.971892529367031	1564.6192408761722	1526.6381365727393	1612.8357622543026	1564.7975317773626	1526.9607646526406	1612.1763622759254	2031.856421471634	1986.1637350186054	2064.2374646186963	3015.4140229318705	2975.602681490137	3052.957708676534	3015.4140228910414	2975.6026808685237	3052.957709079589	0.05048000000000001
MCAR	0.12894736842105264	lin	ev	0.9999996397345412	0.999999635557224	0.9999996443759094	0.9549259066603346	0.953172750485354	0.9567131166453996	0.9549229551387165	0.953176860785221	0.9567207945945599	0.9264360566014315	0.9246693689148752	0.9280100464677499	0.8557780289794921	0.8527859612425243	0.8584162291259149	0.8557780289816148	0.8527859612429038	0.8584162291316754	0.06316
MCAR	0.12894736842105264	lin	mae	3.934014936336753	3.917066619089412	3.9507618532570628	845.3621249769063	821.3988056552084	870.0190094302275	845.4232337815321	821.3747568002027	869.7373790570196	1161.96132065854	1143.6832865264323	1187.4292837081546	2362.5204328974564	2344.6569869472833	2386.612050067651	2362.520432876037	2344.6569869274726	2386.6120499922677	0.06316
MCAR	0.12894736842105264	lin	mse	24.540873282348326	24.35701931496204	24.74653433287099	3075382.913692175	2967477.305064803	3195949.180000854	3075586.6001553307	2966634.7695958917	3194283.8319860594	5019527.268870339	4885286.242795499	5164579.097498424	9839682.836341519	9663755.388589226	10026591.526430313	9839682.836193252	9663755.388742425	10026591.525201473	0.06316
MCAR	0.12894736842105264	lin	rmse	4.9537585955041745	4.935283098720783	4.974588530553017	1753.1175297345017	1722.636728984647	1787.721756118355	1753.1798685277017	1722.392160663927	1787.2558280042674	2239.7620737965062	2210.2683640823084	2272.570187636695	3136.5965522825454	3108.6579564923027	3166.47921688327	3136.5965522589922	3108.6579565169086	3166.4792166890697	0.06316
MCAR	0.15526315789473683	lin	ev	0.9999996405154075	0.9999996359330592	0.9999996457941014	0.9462764545012677	0.9447065471448024	0.9484929864581234	0.9462681760661364	0.9446925763185136	0.9484860268199821	0.9149614388523788	0.9129554710402058	0.9173008922232266	0.8465794386918769	0.8431308648964118	0.8495622849606584	0.8465794386878636	0.8431308648536487	0.8495622849092257	0.07608000000000001
MCAR	0.15526315789473683	lin	mae	3.932981898512847	3.911844152483053	3.950543513945868	957.3635129341221	942.4839641631484	978.5278715459415	957.4983645891533	942.42366656893	978.4451229420172	1315.192194382014	1294.5644819834818	1336.6998878551442	2457.8795971875265	2433.866063003364	2488.3817085482815	2457.8795971948407	2433.8660632714145	2488.381708700794	0.07608000000000001
MCAR	0.15526315789473683	lin	mse	24.52931365231036	24.270506504825633	24.783816351556332	3665494.7953423047	3553734.397433985	3796901.2866635486	3666059.210771249	3553205.723373389	3797004.2607727638	5802609.030386593	5658506.355675029	5921880.085223297	10467594.924068917	10262221.775147978	10702416.837436408	10467594.924345104	10262221.778069012	10702416.835590946	0.07608000000000001
MCAR	0.15526315789473683	lin	rmse	4.952554390943605	4.926510124757924	4.978334690474495	1913.96745698166	1885.1350105656659	1948.5621550640385	1914.1168104044812	1884.9948118936616	1948.5888326844747	2408.3091149769716	2378.760567161076	2433.490357659707	3235.0747827739547	3203.4702481905897	3271.4545821646607	3235.0747828163458	3203.4702486465394	3271.4545818826655	0.07608000000000001
MCAR	0.18157894736842106	lin	ev	0.999999640830413	0.9999996356157149	0.9999996453777362	0.9375663070316527	0.9349962688446749	0.9398862290448331	0.9375514703638566	0.9349977848603591	0.9398587323190726	0.9039454795582857	0.9005499204451305	0.9068541400502184	0.8385216998307454	0.836573708701384	0.8410823610929252	0.8385216998381867	0.836573708709423	0.8410823611114434	0.08884
MCAR	0.18157894736842106	lin	mae	3.9305630712218362	3.909102607695681	3.951859262714648	1070.6355284137574	1052.5642024290178	1094.7659515129155	1070.860757165317	1052.6710168297154	1095.070204268934	1456.000026019722	1432.77560038004	1478.4815286276144	2530.6037743541724	2511.0404186089136	2549.284333583217	2530.6037743478687	2511.040418478462	2549.2843333362725	0.08884
MCAR	0.18157894736842106	lin	mse	24.510168767268205	24.29291343103434	24.73280979300278	4259889.405569965	4125591.2347417357	4427354.789048254	4260903.668082144	4127754.9525898257	4427373.767938406	6554120.943138506	6373203.138512452	6794675.942695146	11017525.379683573	10850314.939109094	11179398.54665584	11017525.379178906	10850314.933038034	11179398.547045302	0.08884
MCAR	0.18157894736842106	lin	rmse	4.950650055908094	4.928784173472395	4.973208965611387	2063.291983495034	2031.1551456418297	2104.128009047568	2063.537195117025	2031.6877096331823	2104.132516988167	2559.5198362860624	2524.5203152364393	2606.659900091863	3319.0568969309256	3293.981476704025	3343.5607584757745	3319.0568968543434	3293.981475782361	3343.560758534014	0.08884
MCAR	0.20789473684210524	lin	ev	0.9999996399891345	0.9999996378485911	0.9999996453033645	0.929250459391633	0.9272621497164357	0.9314735988268403	0.9292394088796598	0.9272660837296154	0.9314157989410866	0.8920077672141439	0.8891546832980275	0.8944067294171685	0.8312724392267531	0.8288527391812067	0.8344005553969656	0.8312724392250509	0.828852739177554	0.8344005553920255	0.10168
MCAR	0.20789473684210524	lin	mae	3.9347858890541905	3.917040546297965	3.941653809726325	1182.4101014594198	1162.5224232632559	1204.3454445442526	1182.5927085018293	1163.1628247167628	1204.6402302672473	1600.3760822040176	1581.2570873893253	1621.4798407873668	2598.256164859309	2581.1933196687605	2617.798414323711	2598.2561648680435	2581.193319568517	2617.7984141371094	0.10168
MCAR	0.20789473684210524	lin	mse	24.550544128201533	24.32141114728398	24.67868608896649	4826936.706960848	4684352.504092622	4985283.753515976	4827696.835759409	4687875.547291206	4984376.466859797	7368920.89741727	7229477.22899638	7549372.682914897	11511565.443402037	11380895.82489357	11692202.215772795	11511565.443515772	11380895.825341415	11692202.217706097	0.10168
MCAR	0.20789473684210524	lin	rmse	4.954730343569289	4.9316742728362835	4.967764690455851	2196.4306985523763	2164.336433360454	2232.772242942254	2196.6047058083846	2165.150227963822	2232.569064437249	2714.0184514807547	2688.7686942011387	2747.6120217434886	3392.6819806193553	3373.557971032222	3419.384443252823	3392.6819806358412	3373.557971098626	3419.3844435353403	0.10168
MCAR	0.23421052631578948	lin	ev	0.9999996401394238	0.999999636492234	0.9999996449172714	0.9201671854428707	0.9173141583081497	0.922903091817413	0.9201578303135471	0.9172774194289627	0.9229158262380257	0.8805075821600823	0.8776368989496269	0.8827609106068837	0.825526151808717	0.8215685838663533	0.8287755267447235	0.82552615181545	0.821568583889426	0.8287755267144028	0.1144
MCAR	0.23421052631578948	lin	mae	3.9292489180055106	3.9087797172860164	3.948318681583993	1295.2264596681755	1268.653505741832	1318.2869983675987	1295.338359754844	1268.5099215493751	1318.711060897158	1741.2899045936388	1720.2057672631981	1775.9342280181925	2646.6703158007003	2628.430572351495	2671.0377943695653	2646.670315883981	2628.430572312924	2671.0377944948923	0.1144
MCAR	0.23421052631578948	lin	mse	24.474950148561025	24.2280101021523	24.68850740691039	5447075.8457251275	5248276.168396732	5626301.684863046	5447712.774309906	5248042.510884839	5626261.617852425	8153286.0682847155	7960811.860974525	8370932.306030197	11903547.604041392	11680009.413099414	12131297.174783912	11903547.603584807	11680009.414426047	12131297.173245111	0.1144
MCAR	0.23421052631578948	lin	rmse	4.947075173677749	4.922195658576632	4.968752337201192	2333.2238371149674	2290.9102478730565	2371.9818101335777	2333.3566719523606	2290.8593437848735	2371.973621163476	2854.935588070676	2821.490893024592	2893.2562752520366	3449.759568355081	3417.6011486922894	3482.999963751489	3449.7595682901906	3417.601148886492	3482.9999635305653	0.1144
MCAR	0.26052631578947366	lin	ev	0.9999996407501501	0.9999996354066412	0.999999646964006	0.9118264402072223	0.9096189083731561	0.9141300187801904	0.911813988554185	0.909608110334303	0.9140992991229364	0.8709928037580792	0.868413980367563	0.8735001707490688	0.8192704033327157	0.8163300773195488	0.822450523904691	0.8192704033336246	0.8163300772878092	0.8224505239102381	0.12747999999999998
MCAR	0.26052631578947366	lin	mae	3.9292344397647145	3.9024004383003343	3.949093249072484	1409.840342567697	1384.5684221333631	1432.363196567443	1410.0524429521743	1384.691776175725	1432.2805004228403	1861.6882261201858	1843.2597671649319	1882.3147729202242	2699.0096459481806	2683.4400435443367	2718.635854916521	2699.00964594948	2683.4400436279802	2718.635854932254	0.12747999999999998
MCAR	0.26052631578947366	lin	mse	24.472334675200464	24.242971370421685	24.7734406214012	6015956.604968692	5873966.767146118	6164558.020693169	6016805.38839479	5877443.123172027	6165339.545549085	8802119.089234099	8647975.678462785	8991557.734721843	12330108.656673595	12164295.670639012	12499055.904661162	12330108.65660803	12164295.666787444	12499055.902407592	0.12747999999999998
MCAR	0.26052631578947366	lin	rmse	4.946773018640153	4.923715127470439	4.97729249838038	2452.2585881076334	2423.6266788650178	2482.8526797689337	2452.4306730808803	2424.3438476848414	2483.0101395270954	2966.4790390036983	2940.7439551497523	2998.5922234530894	3511.2656817797238	3487.7349982990427	3535.399221328362	3511.26568177093	3487.734997746894	3535.3992210097663	0.12747999999999998
MCAR	0.2868421052631579	lin	ev	0.999999641058548	0.9999996358688341	0.9999996483732057	0.9044209607095732	0.9023520959747191	0.9067313611608709	0.9044116327011903	0.902356234650685	0.9067428909515665	0.8615977410398071	0.8593611185140693	0.864646317948983	0.8143377049259314	0.8122182309609103	0.8185573195785927	0.8143377049256619	0.8122182309348509	0.8185573195679463	0.14032000000000003
MCAR	0.2868421052631579	lin	mae	3.9322436141669375	3.90911125584774	3.9525906293634185	1515.0877769650504	1497.4670844162258	1533.7338023383375	1515.2137318172054	1497.3826763812324	1534.0053228883112	1987.338382199788	1962.466982474988	2007.4026358966755	2739.1687888242245	2715.8417694253258	2757.908193318206	2739.168788820387	2715.841769468533	2757.908193387646	0.14032000000000003
MCAR	0.2868421052631579	lin	mse	24.511141752988422	24.21511632242893	24.815871301276307	6521473.535803312	6355560.843968972	6694299.83357865	6522111.203643015	6358881.584719742	6694104.854288584	9443354.596706353	9251250.80833082	9622115.444183402	12667063.102676876	12437086.78744217	12850099.291967057	12667063.10269137	12437086.788737332	12850099.294121396	0.14032000000000003
MCAR	0.2868421052631579	lin	rmse	4.950724538011539	4.920885725384118	4.981553061216195	2553.293269273413	2521.0221674154973	2587.3343832781875	2553.4187220312965	2521.680623624876	2587.296671659294	3072.541019434049	3041.585728384961	3101.953485272787	3558.8148928519868	3526.6253303359636	3584.7029578854526	3558.814892855246	3526.6253305196988	3584.702958185957	0.14032000000000003
MCAR	0.3131578947368421	lin	ev	0.9999996428275664	0.9999996368291618	0.9999996497326779	0.896506084297492	0.8943983217985196	0.8984011817056612	0.8964990241521522	0.8944456541467952	0.8983901950706381	0.8512432779582849	0.8483569757974134	0.8548719260241404	0.8085724821858838	0.8057542436806601	0.81197757699215	0.8085724821814825	0.8057542436847007	0.8119775769890574	0.15305999999999992
MCAR	0.3131578947368421	lin	mae	3.9248945522465353	3.9025622577322436	3.9451674415123943	1614.2592588201544	1600.2056787337476	1628.3491259987686	1614.38023751539	1599.9837991605382	1628.7223927744358	2100.131311917112	2075.243724118935	2120.3560936855692	2783.0856239390805	2761.090129235095	2805.3950661578083	2783.085623979138	2761.090129411863	2805.3950661038366	0.15305999999999992
MCAR	0.3131578947368421	lin	mse	24.433761034792063	24.059053898258522	24.719899704355207	7061201.7182014445	6925411.201127786	7201505.737096887	7061686.801983351	6927155.527366354	7200658.188972525	10149946.799010754	9897058.446822666	10359041.699086893	13059620.687270027	12865576.27815642	13238022.19926541	13059620.687567428	12865576.279414754	13238022.199118556	0.15305999999999992
MCAR	0.3131578947368421	lin	rmse	4.942837815507297	4.9050023154090185	4.97191042426803	2656.910643864161	2631.6174562585393	2683.5618319803675	2657.002955652013	2631.9489978010824	2683.403885049427	3185.415213837234	3145.9590639697003	3218.546017083599	3613.5581992854345	3586.8615865897987	3638.4090475603516	3613.558199327049	3586.861586765216	3638.409047540132	0.15305999999999992
MCAR	0.3394736842105263	lin	ev	0.9999996387870551	0.9999996315363274	0.9999996450011363	0.8880324838887868	0.885806619804119	0.8903684095214047	0.8880248750743617	0.8857925514122311	0.8903782993572398	0.8410815910018676	0.8384561665186874	0.8433313164041685	0.803527045578379	0.800823217813176	0.8068233152344687	0.8035270455834855	0.8008232178510474	0.8068233152136614	0.16608
MCAR	0.3394736842105263	lin	mae	3.937841213070409	3.9088579289484073	3.9650966902580222	1728.585377221248	1710.6643766295426	1748.5453206907862	1728.7372070489052	1710.1025036062692	1749.048831061658	2222.302423366035	2200.1127714385802	2249.2557399729744	2822.5988234443316	2807.2237639759865	2843.166079026895	2822.5988234031624	2807.2237644111096	2843.166078351495	0.16608
MCAR	0.3394736842105263	lin	mse	24.574763852396185	24.21981864535475	24.949112238674164	7639149.543571786	7520741.149143069	7781859.513725376	7639667.270742707	7521332.115206448	7781265.276543169	10842977.306931464	10649037.232943563	11062022.87185409	13404166.87390863	13264090.605376268	13560434.396590985	13404166.873557312	13264090.605069691	13560434.392063811	0.16608
MCAR	0.3394736842105263	lin	rmse	4.9570485365453845	4.921363284278041	4.994908626403633	2763.562110910918	2742.396971003046	2789.598361549771	2763.654893053961	2742.5047097887937	2789.491794705968	3292.6330281123865	3263.28612872732	3325.961451241223	3660.968815965815	3641.989888897225	3682.4493875846993	3660.9688159180487	3641.9898888551406	3682.449386969989	0.16608
MCAR	0.3657894736842105	lin	ev	0.9999996410623976	0.9999996356536225	0.9999996486858931	0.8807220236746253	0.8786749415474472	0.8827881715534418	0.8807248992238429	0.8787022958110426	0.8828030546776104	0.8326833189090902	0.8297023179526897	0.8359578849177676	0.7983638155328058	0.7960568504713436	0.8008452690197707	0.7983638155292294	0.79605685049061	0.8008452689597023	0.17876
MCAR	0.3657894736842105	lin	mae	3.924613485523723	3.89544607353255	3.9519808755273322	1827.4291572065495	1809.7256557234662	1849.7623464614896	1827.4456004941167	1809.5994540532295	1850.1854028938615	2323.927211446636	2294.168972481878	2348.2358082181945	2862.006544315783	2848.667784157931	2874.1487127138494	2862.006544381168	2848.6677840372627	2874.1487131863364	0.17876
MCAR	0.3657894736842105	lin	mse	24.426381027078982	24.1131310086786	24.816342544685714	8138374.496761679	8003361.483691797	8316259.209358752	8138179.470254316	8001138.124090492	8313881.443995079	11416718.55345044	11185993.291579833	11658126.670198146	13756637.900182582	13620914.287567917	13870221.861498713	13756637.900433142	13620914.287892148	13870221.861989679	0.17876
MCAR	0.3657894736842105	lin	rmse	4.942104576600832	4.91051225669522	4.9816002141648585	2852.4812422568725	2829.0212650387275	2883.792501141038	2852.4472896768675	2828.628230403819	2883.380205714812	3378.5494897300964	3344.54679911797	3414.399464180014	3708.869178581736	3690.6522350233204	3724.274664639922	3708.8691786154377	3690.6522350672126	3724.2746647058384	0.17876
MCAR	0.3921052631578947	lin	ev	0.999999641053667	0.9999996372931044	0.9999996472110081	0.8731797302063488	0.8707826548105522	0.875573480048954	0.8731663351211998	0.8707516421129408	0.8754783497685288	0.8238662946319825	0.8209957519400679	0.8270963565533386	0.7929997964038848	0.7903896900125319	0.7953744125607034	0.7929997964122545	0.7903896900490318	0.7953744125494846	0.19164
MCAR	0.3921052631578947	lin	mae	3.9276839422291685	3.901179222580048	3.9469580904477755	1930.967743240176	1913.6762540865038	1954.5278001303302	1931.1287384168388	1914.0243008050243	1954.991599150116	2430.082416696889	2413.387458135049	2447.5022049639547	2901.231217749917	2885.0426076986487	2914.136516366546	2901.2312176636483	2885.0426075834607	2914.1365164460803	0.19164
MCAR	0.3921052631578947	lin	mse	24.450684191887646	24.11812927323099	24.665174057771377	8653267.40071093	8503150.962858357	8827501.892524462	8654180.273533618	8503448.98600946	8828979.214282585	12018732.267356727	11848282.293859404	12225787.65547893	14123415.740312781	13901397.68693689	14300499.41633793	14123415.739748847	13901397.687152015	14300499.41482122	0.19164
MCAR	0.3921052631578947	lin	rmse	4.9445563016734955	4.911021196934444	4.966404398789952	2941.349610188602	2916.0160857329142	2971.1109089008723	2941.5037833122415	2916.0671543082417	2971.359480189726	3466.548480745341	3442.1330115033015	3496.5393480220278	3757.9570554774755	3728.457660279565	3781.6001032665927	3757.9570554018906	3728.457660308434	3781.600103066081	0.19164
MCAR	0.4184210526315789	lin	ev	0.9999996410952103	0.9999996333187136	0.9999996462602694	0.8658735330831326	0.8638543062291147	0.8683582630394007	0.8658605160305067	0.8638621783627684	0.8683895307841987	0.8148593173039014	0.8124067998372819	0.8178338307366435	0.7879925240122663	0.7845512453034698	0.7911021111490322	0.7879925240264041	0.7845512453116434	0.7911021111523006	0.20519999999999997
MCAR	0.4184210526315789	lin	mae	3.931214343510454	3.9060342876320533	3.9600077753332275	2031.0753865301906	2004.224557901035	2052.7996687335226	2031.2545992662488	2004.5211175257325	2053.4808344475564	2526.600747953724	2501.109977439006	2547.605592650028	2932.56854506329	2916.293275637512	2950.4346072585795	2932.5685448155423	2916.2932759812797	2950.4346075238636	0.20519999999999997
MCAR	0.4184210526315789	lin	mse	24.528284065859733	24.26363037525411	24.81698507321571	9151894.537227182	8978161.944849523	9295785.592683379	9152779.142714651	8976898.073793609	9299695.849133134	12631972.102839155	12442899.98110722	12790623.939517794	14464496.018156579	14314676.611454893	14652577.46943089	14464496.017183289	14314676.612714734	14652577.46834262	0.20519999999999997
MCAR	0.4184210526315789	lin	rmse	4.952384994175322	4.9258122387582475	4.981664882374956	3024.9176082739123	2996.357371512722	3048.8990777702725	3025.0641034594946	2996.146520739265	3049.5402493201173	3553.9944343553943	3527.4494886017687	3576.3981751264378	3803.028704178824	3783.474133119487	3827.8682571003255	3803.0287040531985	3783.474133285935	3827.8682569581447	0.20519999999999997
MCAR	0.44473684210526315	lin	ev	0.9999996397120589	0.9999996327231493	0.999999646695674	0.8583465842351129	0.8564637209615382	0.8603212926883756	0.8583335851832737	0.8564029123610579	0.860341034148105	0.8062042978195444	0.8032022306842306	0.8096973828533192	0.7829375686085333	0.7803216216859885	0.7853919886098961	0.7829375686238569	0.7803216217069637	0.7853919886380595	0.21776000000000004
MCAR	0.44473684210526315	lin	mae	3.934589084703794	3.9071147014222656	3.96805192376878	2127.0641276272677	2099.6811841725435	2153.7389237460875	2127.1022426245636	2099.5373397645994	2154.658110293969	2621.708445094437	2592.400931047962	2644.987094198128	2970.6513155425228	2951.1953341650515	2989.328564689403	2970.651315438786	2951.195334097446	2989.3285645006295	0.21776000000000004
MCAR	0.44473684210526315	lin	mse	24.532874902927887	24.150952126759957	24.94122418141666	9665762.486727117	9442796.040643986	9860725.632111322	9666645.955552146	9443981.99604563	9860473.866853645	13224925.91288105	12963372.450062798	13472136.989215448	14810234.176337643	14627753.001897812	15060167.93803412	14810234.175280096	14627753.001238983	15060167.910384394	0.21776000000000004
MCAR	0.44473684210526315	lin	rmse	4.952775354939692	4.914361461039713	4.994117808872119	3108.66662778929	3072.913131930452	3140.1780592609084	3108.8085144701313	3073.1060392746076	3140.138154583443	3636.2216542561196	3600.4683426645906	3670.4404700289433	3848.1995843760706	3824.6245227980316	3880.743103239183	3848.199584239641	3824.624522711883	3880.743099677245	0.21776000000000004
MCAR	0.47105263157894733	lin	ev	0.9999996398086793	0.9999996315286168	0.9999996486717625	0.8522356984010463	0.8496643942635427	0.8548159781323266	0.8522218942053297	0.8496438983908756	0.8547931691291185	0.7993786054288456	0.7965212265856192	0.8029233663402957	0.7781391705471864	0.7742250975652848	0.7815529524438793	0.7781391705447362	0.7742250974772884	0.7815529524582355	0.23046
MCAR	0.47105263157894733	lin	mae	3.9306634275350434	3.903990165193271	3.955787074025391	2212.9099489429145	2193.8615134235915	2237.502485340225	2213.0706481466596	2193.948338659423	2237.695748788088	2701.6837865343323	2685.296699508236	2723.472361221459	3006.9261144158204	2986.3629517636473	3034.096426279777	3006.926114405061	2986.362951790172	3034.0964263297537	0.23046
MCAR	0.47105263157894733	lin	mse	24.492434006149065	24.185917451277888	24.85894764484308	10082168.759441953	9899658.339151662	10278556.816535825	10083103.973335251	9901422.756316599	10279447.647329526	13689304.129049912	13451293.036979139	13909696.531864941	15136925.83777867	14897659.69668793	15443985.489551082	15136925.837942252	14897659.69762992	15443985.48996206	0.23046
MCAR	0.47105263157894733	lin	rmse	4.948742313184943	4.917917990536855	4.985873612802949	3174.902456613149	3146.3722209232546	3206.018841887809	3175.050583824297	3146.6526104225595	3206.1577701582237	3699.5979161408363	3667.5998574981686	3729.5704421216956	3890.355528033828	3859.7460404926114	3929.8835097564597	3890.355528055168	3859.7460406145965	3929.883509808734	0.23046
MCAR	0.4973684210526315	lin	ev	0.9999996412751266	0.9999996314044215	0.9999996473716527	0.8453648868916299	0.842479667146524	0.8481511663871175	0.8453504185379415	0.8424409621854921	0.8481471337212398	0.7914085697045595	0.7876113066986106	0.7950800858150564	0.7738882936883801	0.7704068588405797	0.776980917420925	0.7738882936819433	0.7704068588381007	0.7769809174415284	0.24354000000000006
MCAR	0.4973684210526315	lin	mae	3.9205568658962067	3.8819762430194062	3.9627372770445466	2302.5378561018138	2282.394871566182	2326.996014566332	2302.6588162618496	2283.350097274158	2327.309282686005	2786.4118655737907	2765.004303088345	2810.621512427886	3037.8042735591375	3023.6669471434334	3049.2248737402697	3037.804273604998	3023.6669472871336	3049.2248737512446	0.24354000000000006
MCAR	0.4973684210526315	lin	mse	24.41287535015861	24.041983456457704	24.93611170970087	10550707.497278875	10357006.434274409	10675550.32057176	10551694.153171888	10362968.833418725	10675843.848538691	14232762.328228101	13986738.569700576	14423611.645173896	15426154.489950547	15235045.013917107	15631170.581556102	15426154.490395622	15235045.013313936	15631170.58356386	0.24354000000000006
MCAR	0.4973684210526315	lin	rmse	4.940558307344931	4.903262484238312	4.993607081323843	3247.910012176455	3218.230222900354	3267.3456980861547	3248.0617844150456	3219.1564823421386	3267.3905513221866	3772.313443991901	3739.88473710558	3797.8429543587486	3927.4193153416645	3903.209570402608	3953.626873996078	3927.4193153976416	3903.20957032534	3953.6268742500606	0.24354000000000006
MCAR	0.5236842105263158	lin	ev	0.9999996433506864	0.9999996350495816	0.9999996516351756	0.8400046146625594	0.8376393623145492	0.8415478397944816	0.8399970522838252	0.8376823301733223	0.8415429573994978	0.7846567852744453	0.7821871528782008	0.7871909813399344	0.7702156673335168	0.7677336371267143	0.7740717465261133	0.7702156673331128	0.7677336371218729	0.7740717465267521	0.25632
MCAR	0.5236842105263158	lin	mae	3.9178299747102003	3.8862546643451488	3.949570094677148	2379.865154708971	2361.495008828074	2398.211681930514	2379.9136048149717	2361.276062515336	2398.4729740655216	2862.578350828137	2844.099210278622	2881.144527919376	3066.143094155033	3043.193938509112	3086.9885353958034	3066.143094157867	3043.193938201509	3086.9885357561934	0.25632
MCAR	0.5236842105263158	lin	mse	24.344341541890643	24.064605875958918	24.71072865746705	10916282.579446334	10804151.405173907	11062680.712439353	10916804.90775312	10803635.48672711	11062662.17787458	14693185.855961094	14518830.464514855	14864210.105338344	15677518.500864029	15406776.464578014	15937980.723105168	15677518.500893233	15406776.462606503	15937980.722156368	0.25632
MCAR	0.5236842105263158	lin	rmse	4.933721970559762	4.905568862799251	4.9709886774449785	3303.838882468371	3286.9668967166212	3326.0605673347645	3303.917935145488	3286.8884030957406	3326.0578514391555	3833.047873855771	3810.358174690389	3855.413026818998	3959.2409161950727	3925.1463672789296	3992.2388467592837	3959.24091619854	3925.1463670278454	3992.2388466405055	0.25632
MCAR	0.55	lin	ev	0.9999996427259031	0.9999996368615023	0.9999996518219899	0.8342234741614993	0.8311440449756867	0.837081583464238	0.8342161048731066	0.8310648189942998	0.8370614839492665	0.778215658313794	0.7756001549912179	0.7812479990868467	0.7654085403068089	0.7629490015511685	0.7690825072502679	0.7654085403065242	0.7629490015921834	0.7690825072403173	0.26942000000000005
MCAR	0.55	lin	mae	3.912097606010544	3.8934532352182285	3.939676641632108	2455.14517410564	2430.413059501905	2483.854998004442	2455.268863074959	2429.8743888773397	2483.7574350452887	2932.3394230843764	2911.6677066957814	2961.645066716254	3098.30481641439	3082.3150935038457	3114.296438522401	3098.3048163868743	3082.315093450277	3114.2964382912614	0.26942000000000005
MCAR	0.55	lin	mse	24.31594931362986	23.95868420641993	24.62736469384819	11311087.025455767	11126442.72319009	11525222.194116816	11311591.115358239	11128086.189857397	11523445.226354493	15133223.853036972	14871607.7700217	15388829.09943448	16005659.381251205	15724084.919941224	16198036.12977117	16005659.381272802	15724084.920254957	16198036.129723815	0.26942000000000005
MCAR	0.55	lin	rmse	4.930876153062215	4.894760887527867	4.96259641087156	3362.8891854839517	3335.6322097141856	3394.8817470738704	3362.9644461588346	3335.878549809869	3394.620007100132	3889.8689239218597	3856.3723445412775	3922.8597173099743	4000.511858454554	3965.3605945001486	4024.6783881613787	4000.511858458016	3965.360594539706	4024.6783881554948	0.26942000000000005
MNAR	0.05	lin	ev	0.9999996401428529	0.9999996361073098	0.9999996446063353	0.9841968612866235	0.98350225019523	0.9854260164478575	0.9842261621167875	0.9835258921145544	0.9854244472374167	0.9677082356500908	0.9653837501375462	0.96955483424642	0.9079289878976372	0.9046048458362607	0.9120333085824275	0.9079289878807818	0.9046048459161531	0.9120333085766206	0.024580000000000005
MNAR	0.05	lin	mae	3.935938267944421	3.917911334726665	3.952802086231639	438.1791494124897	418.31324230856274	453.2013579555945	437.60641922622165	418.34974794768993	452.69438240881175	644.7349818060077	628.4897786966328	662.8066957469958	1701.6405822861757	1645.7875508834288	1755.4869869508284	1701.6405824218402	1645.7875522912414	1755.4869858340862	0.024580000000000005
MNAR	0.05	lin	mse	24.563612499131413	24.354838570327786	24.770966535561797	1078342.5558705323	992001.9304377873	1121216.6368332445	1076340.7199988873	990340.475054642	1119000.6438258886	2203490.2472562674	2067842.2436683273	2367795.0643090224	6280933.935046809	6004317.65109359	6505051.732477597	6280933.936193377	6004317.676483633	6505051.737831672	0.024580000000000005
MNAR	0.05	lin	rmse	4.956059352578684	4.935062095657081	4.977043955555265	1037.3587025865536	995.9928224513981	1058.8751750104839	1036.3798134608164	995.1580927810581	1057.8282109477182	1482.5975160283529	1437.9993892289158	1538.7632589288055	2504.9772549458257	2450.370920193673	2550.4998029694543	2504.977255183917	2450.370925374614	2550.4998040186856	0.024580000000000005
MNAR	0.07631578947368421	lin	ev	0.999999639959812	0.999999636168553	0.9999996445224377	0.9750736488763313	0.9740039281427858	0.9761412817867178	0.9751087453981644	0.9740496015289632	0.976195269693699	0.9544007106093899	0.952091146898052	0.9563751194993251	0.8842789862792592	0.8812340988588052	0.8878748118328675	0.8842789862881449	0.8812340990251555	0.8878748118871208	0.03721999999999999
MNAR	0.07631578947368421	lin	mae	3.9347210955878404	3.9144889671906817	3.9542681290230335	584.8235763043411	564.1749266185718	602.4390154326962	584.2413585597377	563.614988888429	602.2499979410497	821.3745917565828	803.2969256094672	835.5374572141626	2035.1394211076615	1990.196205455416	2081.2640317317823	2035.1394210929136	1990.1962056221769	2081.2640321824965	0.03721999999999999
MNAR	0.07631578947368421	lin	mse	24.54910619224863	24.34694270651707	24.75758638800609	1700597.929109755	1633935.4077401855	1766258.7045267653	1698199.884621835	1630513.8835496092	1762701.9010769103	3111478.926137117	2957721.8433255334	3281591.2680227086	7895983.849904498	7613393.85359581	8104667.957588047	7895983.849297503	7613393.8552932665	8104667.959584941	0.03721999999999999
MNAR	0.07631578947368421	lin	rmse	4.954592752770111	4.934262066346951	4.975699538206897	1303.3410768445492	1278.254742783381	1329.005320097668	1302.41499471866	1276.9156985582558	1327.6669659994889	1762.932342939575	1719.7980169584391	1811.5118773960035	2809.358485078476	2759.236959344581	2846.869852472144	2809.358484979813	2759.236959650227	2846.8698528228724	0.03721999999999999
MNAR	0.10263157894736842	lin	ev	0.9999996406976764	0.999999636319748	0.9999996443335014	0.9672477071685401	0.9664194161027243	0.9683486947069095	0.9673027035170482	0.9664655262446197	0.9684102380686568	0.9424200263696728	0.9409430052611552	0.9437160506714461	0.8689875825045532	0.8658351244116732	0.8725802396850815	0.8689875824879839	0.8658351243785501	0.8725802396990602	0.050219999999999994
MNAR	0.10263157894736842	lin	mae	3.933795030900322	3.9130089247743527	3.9483651146989813	695.3119694022222	675.0797554883488	713.9832776058661	694.4175713770585	674.0908948369167	712.6304556664574	985.8235155023553	968.5279388365802	1005.0155912565303	2228.987596835011	2193.751413538804	2258.0101999029757	2228.9875970719663	2193.7514135687356	2258.010200138037	0.050219999999999994
MNAR	0.10263157894736842	lin	mse	24.5372006689508	24.32425137120245	24.698470667730206	2234653.4167594966	2165382.1316206474	2314901.553057828	2230902.4103118116	2158413.3030400383	2310239.8228276446	3929167.5354712293	3802525.92263065	4051125.3023795607	8938280.263943098	8752202.593263999	9080180.253524685	8938280.265063483	8752202.591460675	9080180.252640694	0.050219999999999994
MNAR	0.10263157894736842	lin	rmse	4.95338231085314	4.931962171129884	4.96975535465688	1494.2446579111095	1471.5237342459334	1521.4667452323206	1492.9870922745072	1469.153936741869	1519.9362550618325	1981.5234653669675	1950.0013507421547	2012.7406479052265	2989.382898863349	2958.4121671267544	3013.3337441279255	2989.3828990471816	2958.412166821996	3013.3337439812467	0.050219999999999994
MNAR	0.12894736842105264	lin	ev	0.9999996392562214	0.9999996354767546	0.9999996421166961	0.9575600121087602	0.9560141030871446	0.9593848053633477	0.9576183704081805	0.9560397364421829	0.9594463547700638	0.9290076389611187	0.9261233677498035	0.9314005421365379	0.857596673711968	0.8554115149581457	0.8604783726943876	0.8575966737025261	0.8554115149263087	0.8604783727259357	0.06304000000000003
MNAR	0.12894736842105264	lin	mae	3.9360858879948415	3.9189890683892687	3.9505883635567054	821.5531229431259	796.3050987272452	842.6798873433866	820.7268726449125	795.8101322764221	842.2459816764642	1145.1262077033455	1121.4023116374278	1170.3865598236775	2351.2494851681595	2323.6034388599	2380.7240145861592	2351.249485274015	2323.6034386135825	2380.7240149476256	0.06304000000000003
MNAR	0.12894736842105264	lin	mse	24.576276893666194	24.364919835664654	24.67656580039991	2895930.0707136113	2777206.768868966	3002698.0152228936	2891952.674911425	2772247.3387063	2996890.9783065347	4844556.312384931	4640911.740238763	5014583.525645895	9715747.740113463	9570528.635731623	9871237.340043226	9715747.740776114	9570528.65500599	9871237.341567256	0.06304000000000003
MNAR	0.12894736842105264	lin	rmse	4.957350509566465	4.936083450533999	4.967551282077494	1701.0686096694155	1666.495349885271	1732.8294605630429	1699.8993867136714	1665.0066626254195	1731.1530749129017	2200.2200916493352	2154.27720367903	2239.3264565377935	3116.714708282899	3093.626806590083	3141.852112213414	3116.714708389918	3093.6268097026636	3141.8521124560243	0.06304000000000003
MNAR	0.15526315789473683	lin	ev	0.9999996405416738	0.9999996370794231	0.999999643441162	0.9496634438486088	0.9475921689420219	0.9516900056164274	0.9497249174076792	0.9477068429060798	0.9517612609091796	0.9184966013232164	0.915869554065798	0.9211577854232176	0.8488092770836374	0.847286731670098	0.851056625650464	0.8488092770880448	0.8472867317037566	0.8510566258232755	0.07618000000000003
MNAR	0.15526315789473683	lin	mae	3.931593344785038	3.9118469891498138	3.958692108932411	935.1697152264979	914.9775235189145	958.5765044926765	934.292906980211	914.5080854864595	957.4020860170016	1301.6352975076786	1277.7147739736733	1327.2930193022212	2444.7484729693633	2421.832792782688	2464.4650841428975	2444.7484729829475	2421.8327927174532	2464.4650840535683	0.07618000000000003
MNAR	0.15526315789473683	lin	mse	24.525340989026798	24.31760374197678	24.758444544166277	3434992.201729724	3290283.017376961	3579764.6861773822	3430802.0972570735	3281138.9207266443	3577773.0622820114	5561280.553003038	5362827.939469269	5739071.610878145	10315212.47356123	10123072.945850138	10514680.146223525	10315212.473270917	10123072.946388764	10514680.14719306	0.07618000000000003
MNAR	0.15526315789473683	lin	rmse	4.952183134566827	4.93128786607114	4.975785554159291	1852.6074430228484	1813.9137278032417	1892.0262518186955	1851.4755156127096	1811.3914043460188	1891.4998307636763	2357.3711235947594	2315.778041450557	2395.6359490425216	3211.5396711741814	3181.677566685703	3242.634735376995	3211.5396711299836	3181.677566770338	3242.6347355264916	0.07618000000000003
MNAR	0.18157894736842106	lin	ev	0.9999996395201656	0.9999996333019328	0.9999996455200508	0.9415462816353244	0.9401958829286534	0.9433742857050156	0.9415986486662499	0.9401817688158385	0.9434641665090242	0.90636390233874	0.9034361975091185	0.9091202017890496	0.8412917767765293	0.8385188469470861	0.8441890810814132	0.841291776784665	0.8385188469496017	0.844189081091242	0.08888000000000001
MNAR	0.18157894736842106	lin	mae	3.938216675762525	3.912605857333231	3.962424848914357	1044.306856131699	1025.2738919482222	1062.4002054336984	1043.5397716635966	1024.7234929309564	1062.3052279934652	1449.844312459683	1428.2265951413058	1467.4228183851108	2515.939017115165	2494.3309213671437	2534.887406197568	2515.939017087071	2494.3309211118512	2534.887405938952	0.08888000000000001
MNAR	0.18157894736842106	lin	mse	24.584794774917988	24.29283633623941	24.8062729539272	3988216.442963371	3904859.6493502483	4107874.76915924	3984652.261915365	3896459.135229641	4100353.901868243	6389260.354937359	6208452.214300474	6591643.266568549	10827585.531188473	10689987.246414924	10994508.016586643	10827585.53063131	10689987.247178566	10994508.015461925	0.08888000000000001
MNAR	0.18157894736842106	lin	rmse	4.958131095592452	4.928776104984067	4.980589616048471	1996.5100508321182	1976.0717718231344	2026.787712981285	1995.6167069013668	1973.9450564625677	2024.9307947670868	2527.056047114088	2491.6763535515	2567.419293087889	3290.265845085261	3269.5544216763706	3315.796725965145	3290.265845000238	3269.554421793232	3315.796725795538	0.08888000000000001
MNAR	0.20789473684210524	lin	ev	0.9999996415334013	0.9999996361449051	0.999999646900976	0.9329513565633661	0.9312953467291443	0.9347906124339727	0.9330144603795247	0.9313598789504134	0.9348413305666525	0.8958029489936307	0.8941923088307083	0.8975914207587163	0.8339859319232669	0.8306687869538035	0.8382981411251614	0.8339859319207024	0.8306687869155327	0.8382981411019155	0.10204000000000002
MNAR	0.20789473684210524	lin	mae	3.9262214976428877	3.9079675075772156	3.9403890108234867	1161.7077409358012	1141.5219685363897	1183.832385235793	1160.826568192157	1138.86841231355	1183.696185326036	1591.3453360869855	1574.0050007332125	1608.941971367272	2581.9288478171334	2555.4446690559303	2605.45248432784	2581.928847807091	2555.4446691492963	2605.4524847599305	0.10204000000000002
MNAR	0.20789473684210524	lin	mse	24.46462397417683	24.243443681772465	24.661497775053448	4574246.510550349	4463453.896173603	4702997.3974040095	4569945.611735345	4456045.985129258	4703142.281144245	7109548.8778837295	6989847.995168811	7227990.750119932	11325568.069661194	11084685.154671574	11593216.913350739	11325568.069839306	11084685.155641053	11593216.912597483	0.10204000000000002
MNAR	0.20789473684210524	lin	rmse	4.946015927344267	4.923763162300582	4.966033890968416	2138.2936484117563	2112.686839064501	2168.638482624381	2137.2916296166727	2110.9334708954575	2168.671596149658	2666.12270217473	2643.8320604214186	2688.4922785683593	3365.0757116953296	3329.367080086703	3404.87835448264	3365.0757117209037	3329.3670802322986	3404.8783543718396	0.10204000000000002
MNAR	0.23421052631578948	lin	ev	0.9999996402714878	0.9999996347931814	0.9999996454451656	0.9246514751629838	0.9227675328247468	0.9270603875832599	0.9247081522242921	0.9228874260857272	0.9270609760649353	0.8850738809545665	0.8821684859840716	0.8882930323304985	0.8274522984656703	0.8253141117489085	0.8296090979317137	0.8274522984656347	0.8253141117420636	0.8296090979259391	0.11452000000000005
MNAR	0.23421052631578948	lin	mae	3.931847528654268	3.9125210832462547	3.955406538997696	1277.6701956048432	1257.4851103735737	1291.6081049204947	1276.8594431461693	1256.6324052977925	1290.2581936810395	1726.134752201566	1700.7540760120103	1744.6616419708016	2638.3006425773615	2622.737930782723	2654.736829888979	2638.3006426313787	2622.7379310771908	2654.7368298493616	0.11452000000000005
MNAR	0.23421052631578948	lin	mse	24.51331027359718	24.21063463651484	24.759104669728714	5140705.516829109	5019318.298753218	5272995.349271916	5136839.22903993	5013969.048656139	5261324.31147581	7841708.999879357	7663953.547897724	8049390.930378393	11772175.908952355	11640463.7366775	11934126.821539048	11772175.908960821	11640463.736065984	11934126.820676796	0.11452000000000005
MNAR	0.23421052631578948	lin	rmse	4.950924994305163	4.920430206449004	4.975852115728473	2266.9067026979283	2240.3835149765173	2296.300265875885	2266.064203263074	2239.1892015228814	2293.757375404254	2799.9489956651446	2768.383881250239	2837.144854913458	3430.9116243228464	3411.812368121462	3454.5800754069005	3430.9116243246676	3411.812368031845	3454.5800752821215	0.11452000000000005
MNAR	0.26052631578947366	lin	ev	0.9999996391134228	0.9999996342974851	0.9999996452194445	0.9161899464713426	0.9138151506484107	0.9186390188477372	0.9162427752760707	0.9138379337036303	0.9188078193012583	0.8741510307593365	0.8702593363003561	0.8779103816726126	0.8211505897864539	0.817441165757387	0.823930971383635	0.8211505897746831	0.8174411657658163	0.8239309714041838	0.1276
MNAR	0.26052631578947366	lin	mae	3.9365896809502563	3.907975201120919	3.9664416129938536	1389.212559951095	1367.1489088765034	1413.6084689993547	1388.4954436751236	1365.70570275908	1413.4059608391328	1861.5979048669585	1842.6433890287562	1878.6750563465628	2687.122346387104	2664.371675854164	2709.4369530624285	2687.1223465045828	2664.3716758069395	2709.436953151948	0.1276
MNAR	0.26052631578947366	lin	mse	24.583527215469353	24.286825101309248	24.83987367697732	5717514.272437669	5589721.780306253	5877375.292729628	5713903.112368154	5588989.570167654	5863933.886084978	8586388.305672243	8372558.301427035	8836396.16491424	12201794.736106096	11988052.72609517	12443163.446018657	12201794.736909945	11988052.726074483	12443163.44692966	0.1276
MNAR	0.26052631578947366	lin	rmse	4.95794032642136	4.9281659139411085	4.983961569584463	2390.6333093653093	2364.2569844380514	2424.32786915672	2389.8740519695752	2364.1035844730986	2421.55523328654	2929.7697567782334	2893.537322009673	2972.6028524393996	3492.837443089147	3462.376575129311	3527.4866757173004	3492.8374432035016	3462.3765751263354	3527.4866758464914	0.1276
MNAR	0.2868421052631579	lin	ev	0.9999996424127923	0.9999996381081202	0.9999996470626292	0.90964575632465	0.9074036386591773	0.9124067138161733	0.9097028196586596	0.9075649742368417	0.9123739239789805	0.8649912390504313	0.8623002055467324	0.8678810419668804	0.8169374544259472	0.8134034821536616	0.8201043987255789	0.8169374544199273	0.8134034821272409	0.8201043987351981	0.14014
MNAR	0.2868421052631579	lin	mae	3.928478536162899	3.906513513892044	3.9488845049891834	1486.021747328269	1463.8627836239987	1513.7564307554312	1485.182750516622	1461.8641217844774	1512.9278152290121	1974.5613784496109	1949.4806954465284	2000.9170030449209	2725.2622827078276	2702.2380980810317	2745.398902418746	2725.262282849587	2702.2380979607506	2745.3989025984656	0.14014
MNAR	0.2868421052631579	lin	mse	24.458648132292947	24.183494749613907	24.664601415814133	6164462.619296266	5968502.077809677	6321090.371595493	6160576.071672334	5965474.05561524	6320249.9798286725	9212383.470301174	9019096.139089353	9409185.529342588	12488898.780811261	12289964.250036139	12696564.6009283	12488898.781203235	12289964.261265667	12696564.60388815	0.14014
MNAR	0.2868421052631579	lin	rmse	4.945395386855527	4.917671584460991	4.966346872328637	2482.455628545961	2443.051728060373	2514.1778688721556	2481.6774606399927	2442.4319065383047	2514.0107132284024	3034.7283220350077	3003.180878972622	3067.439571557974	3533.788408687355	3505.7016695281827	3563.222955375947	3533.7884087436746	3505.701671131526	3563.222955791143	0.14014
MNAR	0.3131578947368421	lin	ev	0.9999996414493083	0.9999996359013029	0.9999996468751072	0.9015971651425917	0.8996379120925175	0.9041583004132778	0.9016663689374134	0.899787890853611	0.9042728169139245	0.8550858444745241	0.8526360794087359	0.85750154561644	0.8106076858876946	0.807755790952708	0.8129928963555682	0.8106076858904543	0.8077557909353812	0.8129928963344917	0.15299999999999994
MNAR	0.3131578947368421	lin	mae	3.9331423430768058	3.911518367666426	3.9603227089951654	1593.4422509749327	1563.231425325131	1620.9443625255144	1592.5979741859283	1562.7172201334186	1618.6985432551444	2095.247544185622	2076.5836599353943	2114.679065770096	2776.1080919245924	2758.8514747014938	2791.713216581546	2776.108091874923	2758.8514744523454	2791.7132162570174	0.15299999999999994
MNAR	0.3131578947368421	lin	mse	24.507052182126532	24.198375458514995	24.813090530433243	6714222.814084382	6543688.260835483	6874608.315224089	6709508.029998093	6530859.76240769	6880315.366014744	9888386.40411356	9714123.31490995	10068417.483999401	12922117.337272968	12724612.27153165	13075478.686814673	12922117.337082257	12724612.272907784	13075478.68547804	0.15299999999999994
MNAR	0.3131578947368421	lin	rmse	4.950253766906829	4.919184427810983	4.981273962976053	2590.7604042710254	2558.0633686167275	2621.9445230827414	2589.844151854107	2555.554431281715	2623.0305509775785	3144.298482699497	3116.747365729101	3173.0766776074724	3594.5021914373983	3567.1572633847068	3616.003124355702	3594.502191410745	3567.157263577469	3616.0031241708866	0.15299999999999994
MNAR	0.3394736842105263	lin	ev	0.9999996405298366	0.9999996354324412	0.9999996458271903	0.8935093882892717	0.8916151223893158	0.8959700552915706	0.893566677903353	0.891665115192815	0.8958787935284669	0.8452944850994953	0.8423905573124375	0.8488723982792956	0.8049968605639727	0.8027814375056416	0.8071538482351109	0.8049968605681861	0.8027814375117893	0.8071538482161675	0.16612000000000002
MNAR	0.3394736842105263	lin	mae	3.926186981411671	3.9002208992613228	3.9531064025179634	1706.543524374129	1683.742990372862	1723.0334408711308	1705.7953207781459	1683.3123994603081	1723.4734956148036	2215.258128605852	2192.742047052222	2235.239218918718	2815.217012068729	2797.8672119180164	2832.0347754824384	2815.217012068436	2797.867212032899	2832.034775447273	0.16612000000000002
MNAR	0.3394736842105263	lin	mse	24.44842642886218	24.141254411712563	24.733564222005334	7265250.940581904	7149655.869271176	7417639.012022968	7261369.0477157375	7156047.620718867	7419105.215894227	10555449.60902863	10319241.37467269	10796638.334383314	13303932.770835508	13153510.439127356	13446980.846854988	13303932.770545196	13153510.440404756	13446980.846597103	0.16612000000000002
MNAR	0.3394736842105263	lin	rmse	4.9443527368418705	4.913374061779697	4.973285053262394	2695.115921974843	2673.8839868834557	2723.534284761599	2694.401556250255	2675.078941041641	2723.8034255028606	3248.6029833618672	3212.3575140485054	3285.823207876505	3647.3301534181273	3626.776862881041	3667.0124797772405	3647.33015337876	3626.7768630571504	3667.0124797420704	0.16612000000000002
MNAR	0.3657894736842105	lin	ev	0.9999996416153505	0.9999996351008366	0.9999996487471983	0.8870640116958299	0.88355983524542	0.8904370821001433	0.8871447637761365	0.8835822559088905	0.8903971058782508	0.8362723569759196	0.8325943091448313	0.8398958642937827	0.7999561320746186	0.797613694549177	0.8030014307316119	0.7999561320674817	0.7976136945399896	0.8030014307403154	0.17874
MNAR	0.3657894736842105	lin	mae	3.925406081083374	3.9005161898598497	3.9432621440047395	1798.7292558270701	1768.1893467938903	1828.5090897360026	1797.6628119471645	1767.4881689698775	1828.5783679346791	2313.640805513697	2290.3551878149024	2342.3494766836325	2854.718065878991	2840.1537171028876	2869.8920263116556	2854.7180659968117	2840.1537174133277	2869.892026383705	0.17874
MNAR	0.3657894736842105	lin	mse	24.411723269134196	24.146820218742285	24.63655867556168	7705318.642841095	7478202.743652629	7903314.165901033	7699812.495597681	7474777.106948838	7908757.97624779	11171322.92938256	10927629.002780974	11423181.934299069	13648340.477315195	13427069.628834028	13799206.209805092	13648340.47779947	13427069.628038993	13799206.210390903	0.17874
MNAR	0.3657894736842105	lin	rmse	4.940674683333562	4.913941381893941	4.96352278626314	2775.3574724348287	2734.629945691031	2811.283096280089	2774.3618221486913	2734.003755812921	2812.250894637815	3341.9115918719513	3305.696437845958	3379.819805159338	3694.187145720961	3664.29609000394	3714.7277985183296	3694.1871457866987	3664.296089895421	3714.727798597192	0.17874
MNAR	0.3921052631578947	lin	ev	0.9999996412652833	0.9999996316306203	0.9999996474359437	0.8791323003977379	0.8768453135745327	0.8810485703170466	0.8791781472294966	0.876883498491932	0.8812631782292277	0.8276402172225906	0.8240983508413773	0.8309503695496584	0.7946564889851372	0.7909499987138331	0.7970942924320537	0.7946564889995108	0.7909499986874237	0.7970942924649974	0.19216000000000005
MNAR	0.3921052631578947	lin	mae	3.9261116248655896	3.891256036124306	3.9453462239321326	1907.8727642512024	1893.0527565023149	1928.7962694030125	1907.3088019755844	1891.2993403447824	1928.1794270499245	2417.028285755327	2396.759158538965	2435.782678271444	2894.144735623873	2877.989686380458	2909.260183907496	2894.1447355578835	2877.9896859946166	2909.2601838828214	0.19216000000000005
MNAR	0.3921052631578947	lin	mse	24.44370832430535	24.03276847512157	24.807517471824852	8246252.6726128515	8071751.284665474	8343240.137466376	8243144.300676744	8064923.445316852	8357860.013719783	11759882.720558617	11552930.899087537	11962659.731784364	14009777.418457774	13830667.401474908	14222611.2113809	14009777.41747067	13830667.39661285	14222611.212848872	0.19216000000000005
MNAR	0.3921052631578947	lin	rmse	4.943739855606178	4.902322373466217	4.980714396259612	2871.2798451054196	2841.0809810971596	2888.466644062118	2870.735228909779	2839.880400400566	2890.9954297394215	3428.977563854442	3398.960161620116	3458.7072903561248	3742.807671106555	3718.9597799026415	3771.2876873391624	3742.8076709752163	3718.9597792484974	3771.287687533768	0.19216000000000005
MNAR	0.4184210526315789	lin	ev	0.9999996406676537	0.9999996339719317	0.999999647342558	0.8718089002865574	0.869291188647217	0.8742840308425125	0.8718681351910311	0.869225560227403	0.8744495717386578	0.818846494524882	0.8165638008521607	0.8215896653247418	0.7900613790826247	0.7874533352499062	0.7933238525044454	0.7900613790827378	0.7874533352552553	0.7933238524932702	0.2052000000000001
MNAR	0.4184210526315789	lin	mae	3.931013757768341	3.906913463077172	3.9441143129462732	2005.5094003529346	1981.7842590491946	2033.8424389769325	2004.7766125055623	1979.2713370465904	2033.2215814361693	2514.9395626033343	2489.782739214378	2538.856206978647	2930.6804372377974	2907.530446955713	2944.2604496429176	2930.68043727238	2907.530447339014	2944.2604496556196	0.2052000000000001
MNAR	0.4184210526315789	lin	mse	24.438535245775277	24.20941356034441	24.653956326891777	8745822.744415166	8583704.113684477	8937436.940166628	8741788.37994742	8586103.124387125	8942879.779669326	12359860.776988786	12219904.395931903	12528092.873478603	14322956.118147027	14141298.969359457	14509967.775695976	14322956.118144944	14141298.969708614	14509967.776800673	0.2052000000000001
MNAR	0.4184210526315789	lin	rmse	4.943383984750045	4.920306239001366	4.96527504847253	2957.0750472422988	2929.795658461637	2989.5546388227326	2956.3957662886332	2930.205274501117	2990.4646770741138	3515.4846315640793	3495.6979656731064	3539.5043417967945	3784.354391004401	3760.4918386022996	3809.1949275258994	3784.354391004385	3760.49183864872	3809.19492767078	0.2052000000000001
MNAR	0.44473684210526315	lin	ev	0.9999996403381215	0.9999996350268329	0.9999996472863648	0.864717849745945	0.8627173158787766	0.8673327751857214	0.8647832750485742	0.8629346351176095	0.8673629388592994	0.8111390180923466	0.8084491797330132	0.8136245991333844	0.7848552289599872	0.7823052874496308	0.7872655920908074	0.784855228958377	0.7823052874161106	0.7872655921090415	0.21776000000000004
MNAR	0.44473684210526315	lin	mae	3.9288734351890002	3.8928279839345774	3.96209676596588	2101.5222804213713	2071.611256106177	2126.5586919002735	2100.71666338609	2070.6547957312023	2127.029753230624	2606.897212526661	2579.8282790840285	2627.618639070697	2966.7791919891274	2954.2472645420785	2984.0318873953474	2966.779192010207	2954.247264581648	2984.0318872496246	0.21776000000000004
MNAR	0.44473684210526315	lin	mse	24.466353955281598	24.11635982198412	24.764760525269708	9230702.421320744	9046983.182222031	9397627.537976447	9226237.549210481	9038861.968925312	9398977.039634554	12886811.495968573	12646312.138241725	13130324.35198155	14678910.154162608	14521053.71016641	14827183.003564727	14678910.154276779	14521053.71165015	14827183.002479134	0.21776000000000004
MNAR	0.44473684210526315	lin	rmse	4.946089126072394	4.91084080275227	4.9764202606326515	3037.835664645102	3007.8202931609353	3065.5547998725324	3037.1029774584567	3006.469866853721	3065.7751105336874	3589.520906029092	3556.1641944922144	3623.5784903099043	3831.1341857758416	3810.6498072125078	3850.6063266831306	3831.134185790722	3810.649807407217	3850.606326542354	0.21776000000000004
MNAR	0.47105263157894733	lin	ev	0.9999996420188276	0.9999996364233994	0.999999648986774	0.8588000908508648	0.8564431131124457	0.8607829356717984	0.8588751411951389	0.8564793716827694	0.860777537397706	0.8041858700621424	0.8021829596820893	0.8066659793336668	0.7800810528760813	0.777226438400598	0.7833418712697806	0.7800810528612492	0.7772264383627321	0.7833418712524499	0.23090000000000002
MNAR	0.47105263157894733	lin	mae	3.9299709533423446	3.8990631730337553	3.950980515670654	2187.315605245774	2169.636970743015	2205.7565045664624	2186.3452379661285	2170.459501274774	2204.9569267305665	2689.9664564639643	2667.809908535073	2709.100495276069	2999.523529308054	2976.736382559083	3019.4195459234998	2999.5235293997816	2976.736382632443	3019.4195459945686	0.23090000000000002
MNAR	0.47105263157894733	lin	mse	24.451310669148192	24.050715895225316	24.85303724641312	9633361.292642463	9521962.315443508	9730367.84516235	9628245.94286135	9526189.650034068	9721523.538684228	13360858.227265563	13221165.027709844	13531656.847990885	15004527.498904519	14782495.118942605	15224670.266523588	15004527.499916783	14782495.121966597	15224670.274220645	0.23090000000000002
MNAR	0.47105263157894733	lin	rmse	4.944501012183772	4.9041529052737936	4.985281995734345	3103.606255018085	3085.7677020899537	3119.3534075310326	3102.783340009174	3086.4525988139576	3117.9357639317277	3655.1066113341058	3636.091933722763	3678.5400288006454	3873.3962997562576	3844.8009369295614	3901.8802470140126	3873.396299887502	3844.8009373228742	3901.8802480001923	0.23090000000000002
MNAR	0.4973684210526315	lin	ev	0.9999996424559933	0.9999996366133294	0.9999996487353895	0.85261874940525	0.851031676032546	0.8540188906425055	0.852708933012071	0.851265554271827	0.8540299904044915	0.7968132396469427	0.7955373774992733	0.7989593574723217	0.7761976363510703	0.7734181585174035	0.7793063594501873	0.7761976363506097	0.7734181585186216	0.7793063594048251	0.24359999999999993
MNAR	0.4973684210526315	lin	mae	3.9282878902359135	3.895883823364227	3.953863628123213	2271.485272283551	2255.440612896289	2291.347527769858	2270.4778529425485	2254.950073889133	2291.7843710655193	2771.7078465074114	2754.6672064586564	2789.7875911124665	3029.996281701156	3008.5160491331526	3044.796135277245	3029.9962816953234	3008.516049354093	3044.7961351999033	0.24359999999999993
MNAR	0.4973684210526315	lin	mse	24.39585527429404	24.064817571676123	24.655754619530043	10056084.662755875	9921920.179164443	10238797.266368661	10049944.857545318	9908022.469719425	10227513.625601234	13864524.011534546	13684400.846027024	14013971.574301917	15269440.989352329	15086658.66571671	15417006.749872947	15269440.98938109	15086658.66545434	15417006.751178276	0.24359999999999993
MNAR	0.4973684210526315	lin	rmse	4.938942899144312	4.905589973966238	4.965455074558571	3170.9407200281776	3149.907961905351	3199.8113447359897	3169.9741967340256	3147.7009789206686	3198.048305387724	3723.3346837577974	3699.2428633091154	3743.5238199275027	3907.45724230565	3884.1509016191944	3926.4495693981826	3907.457242309303	3884.1509015854663	3926.4495695644314	0.24359999999999993
MNAR	0.5236842105263158	lin	ev	0.9999996422725639	0.9999996337361183	0.999999650180889	0.8472131516725522	0.844745161192224	0.8497017744549925	0.8472593256801642	0.8448681900688491	0.8495239335515765	0.7911250687955991	0.7883397833750239	0.7945432544003821	0.7713059736387337	0.7682525755829701	0.773938856652403	0.7713059736405689	0.7682525755449929	0.7739388566537582	0.25614000000000015
MNAR	0.5236842105263158	lin	mae	3.923725819206252	3.8761612760534354	3.9600387423640626	2345.875362175217	2325.067056426723	2362.5350067544828	2345.186389641489	2323.425254481626	2361.183117826933	2835.2542835757736	2812.4096693732654	2856.0216848872415	3063.8144193542	3044.330695509426	3082.911671884205	3063.8144193590915	3044.3306953836877	3082.91167184715	0.25614000000000015
MNAR	0.5236842105263158	lin	mse	24.416257878245055	24.163162003135064	24.71295366345866	10424435.16365787	10270319.544698387	10567443.91099638	10421293.624803241	10281399.768845402	10564910.49009954	14252187.865211675	13998355.656183578	14477799.157800958	15603719.465021553	15423008.24648257	15754193.574475555	15603719.464901125	15423008.245941583	15754193.57026317	0.25614000000000015
MNAR	0.5236842105263158	lin	rmse	4.9408590876717655	4.915603908706805	4.971212494284439	3228.453348700803	3204.7338489801227	3250.760425610237	3227.972415248404	3206.4616437383274	3250.3708103898944	3774.9743029437923	3741.4361075535217	3804.9703186727666	3949.894336083607	3927.211019097627	3969.155259654675	3949.8943360664025	3927.21101902869	3969.1552591240606	0.25614000000000015
MNAR	0.55	lin	ev	0.9999996425096148	0.9999996365847152	0.9999996489326051	0.8407107499480593	0.837603775237222	0.843926396681836	0.8407671496145216	0.8376552913381037	0.8440225396045897	0.7833494033524218	0.7802048062098075	0.7872185443431414	0.7673699021026661	0.7640476209880922	0.7699716347207094	0.7673699021024991	0.764047620968503	0.7699716347204686	0.2693000000000001
MNAR	0.55	lin	mae	3.923375046288036	3.883304774141135	3.955877848741222	2428.9633478219744	2406.9056317246364	2455.148530823103	2428.245027521501	2405.4590082608747	2453.6741257697868	2912.5488539833113	2881.9370611621434	2932.7172729820095	3094.56546827145	3077.9190859011155	3113.0390027336625	3094.5654682989616	3077.9190859578703	3113.039002924383	0.2693000000000001
MNAR	0.55	lin	mse	24.363877166212525	23.886133074303217	24.73532110002976	10868552.948941581	10665615.204146553	11127571.65717517	10864714.95676106	10664737.350518402	11114826.734650338	14783295.532123301	14466511.510767236	15045769.062291803	15871940.25849672	15640034.13961846	16160122.996890988	15871940.258510446	15640034.139771728	16160122.99885586	0.2693000000000001
MNAR	0.55	lin	rmse	4.9355584233980645	4.887344076278124	4.973461636542774	3296.4789634337335	3265.8220320205974	3335.798931230367	3295.894684629548	3265.6886027727564	3333.8889493840625	3844.5785295933147	3803.486449846321	3878.8874687844373	3983.739424291728	3954.744849811187	4019.965544957713	3983.739424293139	3954.744849830571	4019.9655452021007	0.2693000000000001
