missing_type	missing_rows_proportion	model	evaluation_metric	drop	drop_lower	drop_upper	mean	mean_lower	mean_upper	median	median_lower	median_upper	random	random_lower	random_upper	regression	regression_lower	regression_upper	stochastic	stochastic_lower	stochastic_upper	missing_cells_proportion
MAR	0.05	lin	ev	0.9999999999985922	0.999999999998584	0.9999999999986109	0.9892731555723094	0.9881816823122997	0.990313978002093	0.9893099556062002	0.9882619680694958	0.9903613762348012	0.9843927195708835	0.9826530183247767	0.9862471314970616	0.991221766587499	0.9902569108504051	0.9920529318407522	0.9912217665857419	0.99025691084353	0.9920529318295668	0.024300000000000006
MAR	0.05	lin	mae	0.07841641771259564	0.07810889699920757	0.0787191727002272	2278.9189572775226	2171.236630973204	2442.1809261530016	2277.7058366386527	2160.396490188894	2440.7238232197337	2597.3764545109852	2457.610213068184	2764.1579286057613	2310.5246358833965	2165.461109553712	2470.2426634330213	2310.5246361375544	2165.461112063471	2470.2426619293574	0.024300000000000006
MAR	0.05	lin	mse	0.009624738280289485	0.009557143964069818	0.009707558996398417	73281463.04989499	67115362.44499758	80488491.3341594	73029903.4043942	66901055.75955195	79853752.58975479	106629658.56078604	93993852.73947755	117815424.69741108	59966864.68001327	54368387.35940219	66321404.09373425	59966864.69256513	54368387.467571326	66321404.17742491	0.024300000000000006
MAR	0.05	lin	rmse	0.09810399517302364	0.09776064494428219	0.09852693514097449	8541.62792166137	8192.395911472435	8971.537463934186	8526.66102397324	8179.306012825613	8936.091338547965	10303.21736645776	9695.035646366669	10854.240235325156	7721.14161325685	7373.489845412752	8143.794745942835	7721.141614204917	7373.489852754761	8143.794751081288	0.024300000000000006
MAR	0.07631578947368421	lin	ev	0.9999999999985932	0.999999999998582	0.9999999999986038	0.982167940284128	0.9811649368075717	0.9830248816581456	0.9822316671372974	0.9811658810609549	0.9830019084551845	0.9766232697979835	0.9748370982494032	0.9781339414449084	0.9857158712222558	0.9852667457816635	0.986875599633307	0.9857158712230958	0.9852667457826598	0.9868755995977317	0.03729999999999999
MAR	0.07631578947368421	lin	mae	0.07838274158796125	0.07807118327727629	0.07865399135817842	3453.383725687545	3331.0292923907145	3597.5999101350794	3448.533245689747	3331.5407231466406	3585.078096921883	3759.7124594682355	3655.2830459653173	3930.550786313077	3265.5298440120764	3120.0847587359754	3435.1785538770005	3265.5298444796495	3120.084757840864	3435.1785525822297	0.03729999999999999
MAR	0.07631578947368421	lin	mse	0.009612217868675997	0.009531825585627344	0.009686339697272653	121814487.81697544	114843389.10192052	127754258.88432479	121378508.55278671	114702692.65329444	127124766.98200925	159713733.3423825	149432858.52960598	172221909.5586343	97588012.12822172	89212618.22894254	102224435.73623362	97588012.12252931	89212618.23836952	102224435.73475862	0.03729999999999999
MAR	0.07631578947368421	lin	rmse	0.09803987443333799	0.09763106869282664	0.09841918508360242	11021.73704002727	10716.49224687764	11302.829938028935	11001.970550807424	10709.933571486417	11274.956245772519	12622.085880075163	12224.215002253944	13123.333972319571	9856.961943643337	9445.236670796881	10110.500746458227	9856.961943175376	9445.23667129686	10110.50074638446	0.03729999999999999
MAR	0.10263157894736842	lin	ev	0.999999999998593	0.9999999999985848	0.9999999999986067	0.9756435885636907	0.974318054023552	0.977072286460283	0.9757199198152665	0.9743744259221162	0.9770983519919334	0.9692125189042149	0.9679936643644408	0.9708238663268649	0.9802853534194245	0.9791736775965342	0.9812241671131477	0.9802853534212502	0.979173677801519	0.9812241670908712	0.05016000000000001
MAR	0.10263157894736842	lin	mae	0.07841740202522345	0.07815515249563032	0.07876923313139744	4608.200515033514	4434.447460671626	4782.932073911001	4601.095781487035	4417.852725712791	4776.623327264229	4945.049379892707	4776.89324268943	5076.488700565071	4078.6093156318425	3912.698322921236	4204.245309771405	4078.609316321214	3912.6983248903953	4204.245308739633	0.05016000000000001
MAR	0.10263157894736842	lin	mse	0.009618141054110409	0.009535987240365761	0.009705011794565595	166392514.65501547	157577151.98896745	174578742.7980794	165871072.6531687	156836708.2787876	174305265.46831733	210327725.30279294	199520754.2542433	221784276.79362392	134688321.5821652	127610455.477847	141377180.6870675	134688321.56952903	127610455.5717075	141377180.64943928	0.05016000000000001
MAR	0.10263157894736842	lin	rmse	0.09807001279658384	0.09765237935221832	0.09851401824789277	12889.901013233284	12552.973452076993	13212.824899058287	12869.814898437631	12523.43663776547	13202.471943714225	14492.454490105512	14125.173437483558	14892.108895551968	11593.984107545484	11296.475428717848	11890.18980300587	11593.984106988937	11296.475432877567	11890.18980141079	0.05016000000000001
MAR	0.12894736842105264	lin	ev	0.9999999999985963	0.999999999998579	0.9999999999986168	0.9686790516722829	0.9674108376564039	0.9700111560646291	0.9688034622124247	0.9673992067070049	0.9700913946148649	0.9616949896107863	0.9601605475885416	0.9635107930439616	0.9743241027554214	0.9731760356406097	0.9755896703440509	0.9743241027482104	0.9731760356439065	0.9755896703529372	0.06327999999999998
MAR	0.12894736842105264	lin	mae	0.07836179957929101	0.0780970483688603	0.0786675235997004	5755.92464309457	5601.093503320437	5898.222101464103	5743.611784524339	5593.398996683382	5902.311875948964	6115.897188671261	5934.80817859301	6271.758144337551	5006.694864596747	4832.4734021134645	5192.192219320916	5006.694865444164	4832.473410442882	5192.192219580167	0.06327999999999998
MAR	0.12894736842105264	lin	mse	0.009608395657952254	0.009523548932347277	0.009675617159321831	213939002.08973384	204621986.36365932	222426138.00593266	213087243.81290883	204052277.60272992	222057950.7253579	261677667.4499697	249664792.53095192	274863127.6804633	175382264.57058126	167495788.3591069	182342247.27700782	175382264.61982703	167495788.3607653	182342247.37414247	0.06327999999999998
MAR	0.12894736842105264	lin	rmse	0.09802026284352211	0.09758866678480126	0.09836470621564337	14617.90075226512	14304.6090341411	14913.95595456638	14588.987380721808	14284.686455502007	14901.583589322636	16166.916396977987	15800.769907940428	16578.994317854682	13232.184901176459	12942.016370745532	13503.41613188514	13232.184902911446	12942.0163708097	13503.416135481828	0.06327999999999998
MAR	0.15526315789473683	lin	ev	0.9999999999985936	0.9999999999985701	0.9999999999986142	0.9618556006574986	0.9602037545026423	0.9633920548868162	0.9619884475074929	0.9604327630566997	0.9635763836806058	0.9543774104809075	0.9525018177443614	0.9564145977664567	0.9693025142107714	0.9680975565398906	0.9708587114788639	0.9693025142089635	0.9680975565829373	0.970858711437599	0.07594000000000001
MAR	0.15526315789473683	lin	mae	0.07837307177712133	0.07798047762086888	0.07881429123789943	6949.9713076166345	6784.210193450169	7166.93079313574	6935.592246510909	6770.604905726551	7144.585014322147	7323.299007888598	7132.492748322062	7503.28003643545	5835.299685307957	5678.554697842357	5970.6859640293505	5835.299685762504	5678.554691164645	5970.685954048609	0.07594000000000001
MAR	0.15526315789473683	lin	mse	0.009612359016157495	0.009513634233692817	0.00972062698075165	260540918.61902404	249522818.74580508	271803480.30084336	259633209.356264	249422123.07873905	271486275.47638595	311620895.48226637	296423448.93603486	323529441.421524	209667545.77486002	198318487.13354868	218168423.74865896	209667545.78788882	198318487.10929084	218168424.35283896	0.07594000000000001
MAR	0.15526315789473683	lin	rmse	0.09804004482184839	0.09753785880525814	0.09859323156428389	16133.352566354813	15796.287168557887	16486.460891384402	16105.547571990555	15793.103477065853	16476.82570119045	17644.746577429218	17216.934937712722	17986.903251623975	14469.465311943206	14082.469198648869	14770.523532533658	14469.46531236557	14082.46919778104	14770.523552977715	0.07594000000000001
MAR	0.18157894736842106	lin	ev	0.9999999999985977	0.9999999999985875	0.9999999999986147	0.9558439078062948	0.9544913706190938	0.9571611113278058	0.9560060718424157	0.9546235983530622	0.957394846781155	0.947786324054792	0.9456198320920458	0.9495149519733159	0.9643136366370263	0.9629350501591083	0.9653481427916011	0.9643136366265783	0.9629350501079086	0.9653481427857066	0.08864000000000002
MAR	0.18157894736842106	lin	mae	0.07833812530457687	0.07795856912735695	0.07873850627882148	7998.877040942757	7847.515706076419	8163.698285958205	7981.641495927552	7819.382117919915	8147.955897621633	8400.770744328649	8217.395351348323	8594.803402843188	6677.821914187387	6499.527387974215	6845.930097813542	6677.821915318242	6499.527387752374	6845.930096902885	0.08864000000000002
MAR	0.18157894736842106	lin	mse	0.009604823847019965	0.009526196113132355	0.009718238962807617	301608421.8522112	294944749.4291658	310859491.31969917	300500008.6803163	293929726.8433162	309781566.7803241	356680505.3517611	345897293.19525564	368300808.157752	243762133.55975863	237246044.71497	251926076.2316103	243762133.62945935	237246045.22118303	251926076.32142442	0.08864000000000002
MAR	0.18157894736842106	lin	rmse	0.09800233606388835	0.0976022330854242	0.09858112862164223	17361.270257552464	17173.950287079482	17631.193961795194	17329.280672373105	17144.378184269703	17600.611401020717	18879.098039422723	18598.313504628677	19191.164483102966	15605.273215326453	15402.793172037167	15872.09427190328	15605.273217560263	15402.793188469846	15872.094274743728	0.08864000000000002
MAR	0.20789473684210524	lin	ev	0.9999999999985952	0.9999999999985848	0.999999999998611	0.9481062336576813	0.9463759738860391	0.9500808439097821	0.9482631536019965	0.9466625833343826	0.9503582790064351	0.9393557870921485	0.9377881856685604	0.9413715489287401	0.9579046794264915	0.9561848311371817	0.9598107565271479	0.9579046794249648	0.956184831136171	0.9598107565254418	0.10132000000000004
MAR	0.20789473684210524	lin	mae	0.07832516140173261	0.07800545174022454	0.07868405924734409	9183.528993287364	9011.786089697287	9366.954372214328	9167.860743465386	8971.775893726364	9362.482873773779	9595.653675151098	9365.974676675216	9743.743608102119	7555.657287159308	7384.898266444282	7741.885173099389	7555.657287016665	7384.898266290535	7741.88516819747	0.10132000000000004
MAR	0.20789473684210524	lin	mse	0.00959872137762294	0.009516474459027174	0.009675594589396423	354554993.27597153	339319755.6124644	366029701.12582344	353481531.30815834	338999477.9096129	364417936.4491201	414369296.13495094	397082013.6387071	428827844.3697875	287602421.37699914	276453180.3718834	301829939.67448926	287602421.38733214	276453180.32485807	301829939.49182373	0.10132000000000004
MAR	0.20789473684210524	lin	rmse	0.09797103579403324	0.09755240804773402	0.09836459676033756	18822.35075713892	18420.605155896854	19131.89971419866	18794.01125851659	18411.933084800752	19089.73056448141	20347.82394013871	19926.914158102332	20708.15848682172	16949.763618780402	16626.881253364274	17373.073025213696	16949.76361912131	16626.881251950188	17373.073019926036	0.10132000000000004
MAR	0.23421052631578948	lin	ev	0.9999999999986022	0.9999999999985827	0.9999999999986237	0.9430342022267354	0.9410107821136068	0.9448142874614163	0.9431775744033934	0.9411613989673516	0.9448894931239025	0.9337451270904618	0.9316158829086119	0.9355229456035716	0.9537385360517486	0.9520158983015949	0.955629107410716	0.9537385360483921	0.952015898183392	0.9556291074219537	0.11428000000000005
MAR	0.23421052631578948	lin	mae	0.07825187335850935	0.07777393384308309	0.07860668038281005	10176.914249307894	9955.929201206374	10403.743212093468	10162.577404292475	9931.494857055373	10378.513468296906	10627.912313434086	10448.548809441882	10835.009874466952	8333.519772998203	8102.766517881862	8520.32331767531	8333.519773109843	8102.766520048978	8520.323316504036	0.11428000000000005
MAR	0.23421052631578948	lin	mse	0.009586533859909773	0.009482336091765457	0.009692430433423802	389133151.4920685	376839675.65549225	400126482.6866323	388152088.1104843	374663310.7583118	399670167.4366318	452625931.4282469	437226359.7459322	463678542.328684	316018329.4103934	298956176.14098734	328323917.52332187	316018329.4326476	298956176.12893087	328323917.60842705	0.11428000000000005
MAR	0.23421052631578948	lin	rmse	0.09790818293852148	0.09737728158308455	0.09845013831108435	19718.32611767917	19412.358835726234	20003.159309123585	19693.434397385343	19356.215525957155	19991.75137712548	21268.19197960103	20909.9561195629	21533.196286836526	17768.182264395164	17290.31782970293	18119.70756221017	17768.182265001014	17290.317829354382	18119.70756455801	0.11428000000000005
MAR	0.26052631578947366	lin	ev	0.9999999999985982	0.9999999999985762	0.9999999999986172	0.9357336832172232	0.9338609121138923	0.9376294617383755	0.9359236665718376	0.9341199213396184	0.9377234570791485	0.9254663698786316	0.922983932830653	0.9276679344335258	0.94752623629361	0.9457333587237646	0.9493567373205413	0.9475262362880226	0.9457333587541024	0.9493567373067144	0.12762
MAR	0.26052631578947366	lin	mae	0.07833302938575333	0.07798550243229974	0.07874596178087742	11339.858358222034	11106.340020338754	11598.70151010637	11319.343792975018	11098.546717145064	11569.643029872956	11814.267528986875	11588.944453960925	12046.474858792137	9181.999636486511	8931.948882022512	9424.160190144343	9181.999637026383	8931.948884373465	9424.160192815816	0.12762
MAR	0.26052631578947366	lin	mse	0.009595869724106174	0.009505350952316546	0.009675434962563633	439028182.8537495	424855279.8566501	455049251.61558235	437728418.13975734	423364186.5168303	452443169.3336005	509192329.0711551	493909082.8576813	526114261.7275119	358437394.1221971	345355236.859514	372452942.675544	358437394.1595522	345355236.67100334	372452942.70219254	0.12762
MAR	0.26052631578947366	lin	rmse	0.09795550967209372	0.09749538924655086	0.09836378887131865	20946.846438278506	20612.014219592922	21331.88053043405	20915.93628132672	20575.808647668466	21270.69851324866	22558.82686188476	22224.065398424915	22937.1316611403	18924.434037858897	18583.732678385077	19299.03513664953	18924.43403884762	18583.732673314644	19299.035137339444	0.12762
MAR	0.2868421052631579	lin	ev	0.9999999999986035	0.9999999999985774	0.9999999999986294	0.9298400612603703	0.9274896672109811	0.931948926777147	0.9300387152056796	0.9278046085297009	0.9322198106713017	0.9193417764955626	0.9168348958513776	0.9214038177086944	0.9427495494095163	0.9402264216778214	0.9443375667662329	0.9427495494044555	0.9402264216408426	0.9443375667683428	0.14043999999999998
MAR	0.2868421052631579	lin	mae	0.07831889469708762	0.07771198590032596	0.07888717175964169	12327.27463981973	12141.186051489083	12574.979646136311	12308.477374865863	12101.243028542407	12546.360525180347	12822.55716131523	12627.308423743678	13032.6531683885	9961.22502695688	9808.051582409982	10160.576487630711	9961.225025356322	9808.05158510949	10160.576485799558	0.14043999999999998
MAR	0.2868421052631579	lin	mse	0.009584588895512799	0.009467032962763645	0.009700511118692948	479273555.7822063	464059734.69468683	497302241.6626995	477913493.8401739	462731072.9628885	496287315.7138674	551003252.3492002	536979993.4246427	571702024.3095402	391048083.46074915	383516514.8538879	404830765.68928504	391048083.4955877	383516514.9183895	404830765.6217758	0.14043999999999998
MAR	0.2868421052631579	lin	rmse	0.09789749628685594	0.0972986791270617	0.09849116740441943	21886.60454722371	21542.04466153557	22300.27089127784	21855.55043059892	21511.180782534073	22277.502840896443	23467.420206347662	23172.828742841364	23910.282490787653	19768.182702638263	19583.57734828083	20120.405168704146	19768.18270350206	19583.577349927746	20120.405167026882	0.14043999999999998
MAR	0.3131578947368421	lin	ev	0.9999999999985986	0.9999999999985791	0.9999999999986139	0.9236816337598287	0.9220102735942112	0.9257246275765216	0.9239074365418314	0.9225033173988908	0.9260169516244832	0.9120727281524823	0.9104620336797937	0.9146367381292018	0.9374640058081635	0.9354328908865805	0.9395053835881523	0.9374640058041515	0.9354328909064284	0.9395053835929885	0.15316
MAR	0.3131578947368421	lin	mae	0.07828279859407788	0.07771561962076996	0.0787444867874928	13368.581829470782	13172.965232681956	13525.44015822555	13346.754147195126	13147.702008052076	13495.514236155746	13913.73131828606	13741.067137306287	14034.889161400464	10713.64314306331	10502.479187524787	10845.318398919107	10713.643143975642	10502.479187514655	10845.31840544589	0.15316
MAR	0.3131578947368421	lin	mse	0.009583853512477104	0.009469889757131051	0.009702420666698701	521338147.5532557	509291024.624152	527620394.6839671	519793277.86159635	506810847.31789875	527912184.9411939	600655805.2991884	583072163.4610796	616146386.3396684	427203434.6522332	412171233.7326631	437939799.7451569	427203434.6830185	412171233.8193056	437939799.58521587	0.15316
MAR	0.3131578947368421	lin	rmse	0.09789345229420528	0.09731335851913737	0.0985008565773418	22826.638399871077	22567.473447806147	22969.98899940413	22792.885563503984	22512.459641038717	22976.339666063024	24501.294022040147	24146.885386967486	24822.289255502168	20659.769692180096	20301.95457168369	20926.991876697975	20659.769692778904	20301.954573821167	20926.991872873077	0.15316
MAR	0.3394736842105263	lin	ev	0.9999999999986013	0.9999999999985814	0.9999999999986274	0.9169061449195334	0.9143938553312122	0.9187722264930258	0.9171429345903015	0.9146759867731379	0.9191579943612431	0.9047389305358728	0.9029365387735363	0.9074661026362894	0.9318509037591383	0.9300177428587436	0.934437031111673	0.931850903759303	0.930017742854434	0.9344370310419075	0.16592000000000007
MAR	0.3394736842105263	lin	mae	0.07824030175689414	0.07776219439131939	0.07887173628040935	14413.63678651703	14234.077402286866	14576.130001763162	14391.717208740958	14212.404665153204	14595.88456731471	15007.140012463557	14867.953495336264	15135.675751143946	11553.478716787691	11353.293978686037	11715.699345838279	11553.47871722793	11353.293979387694	11715.699342194712	0.16592000000000007
MAR	0.3394736842105263	lin	mse	0.009574800558648223	0.009450925763889208	0.00969054411879249	567591973.925892	553523716.5040853	582077069.8597052	565974344.0629181	551858944.9393041	580430530.402406	650738703.1553168	634644015.6368833	667417992.6124268	465452771.5004642	449734733.14942515	476131729.51060367	465452771.49811363	449734734.60944635	476131729.34372216	0.16592000000000007
MAR	0.3394736842105263	lin	rmse	0.09784762133132001	0.09721586506068004	0.09844055583721409	23820.58452258608	23527.055703454636	24126.272040894022	23786.7650475199	23491.676858097955	24092.12358221045	25505.82861115527	25192.1419368439	25834.430239976085	21567.323418667285	21206.948801327722	21820.442905628755	21567.323418642	21206.948835759875	21820.442901804556	0.16592000000000007
MAR	0.3657894736842105	lin	ev	0.9999999999986051	0.9999999999985841	0.9999999999986242	0.9113888635525249	0.9092331039686561	0.9132551869345165	0.9115759698421622	0.9094893519797682	0.9136448584702076	0.8979035623654794	0.8956831220941652	0.9002211203506055	0.9271887640618723	0.9243284085409291	0.9299100194460239	0.9271887640600476	0.9243284085346858	0.9299100194675873	0.17906000000000002
MAR	0.3657894736842105	lin	mae	0.07823018522579714	0.07768407451554182	0.07872135263758631	15312.302413669599	15135.12016093821	15526.05106946849	15292.998979188367	15103.87636574348	15491.906260631582	15970.69392524679	15764.324592211537	16255.297841291604	12218.199368003268	11917.349344307657	12586.409929030893	12218.199368430978	11917.349344387985	12586.409930921722	0.17906000000000002
MAR	0.3657894736842105	lin	mse	0.009571404987517795	0.00945929619117015	0.00970498882114442	605285910.1634648	593904400.5186802	621727915.0728514	604005517.3385609	592145734.0292559	617903661.3042539	697456654.2839148	679073869.8484186	713018443.1850876	497399909.80478007	476796377.0526506	519332612.92691225	497399909.8165788	476796377.18816054	519332612.911341	0.17906000000000002
MAR	0.3657894736842105	lin	rmse	0.09782937554024378	0.09725891315097868	0.09851390071150562	24600.016678723758	24370.1538877251	24934.471942128235	24574.048109941803	24334.03807600855	24857.66750644283	26405.938422775027	26059.025075846388	26702.404644045844	22294.468443433965	21835.634958347473	22788.86707557524	22294.468443684513	21835.63496145216	22788.867075232745	0.17906000000000002
MAR	0.3921052631578947	lin	ev	0.9999999999986043	0.9999999999985829	0.9999999999986242	0.9052948849815162	0.9032063921775535	0.907339065751869	0.9055714724422169	0.9033757426730104	0.9075827245466428	0.8912056881808869	0.8898282797564037	0.8930073418348213	0.9220571020449004	0.9202676885647565	0.9242057533634743	0.9220571020441429	0.9202676885131738	0.9242057533801228	0.1916
MAR	0.3921052631578947	lin	mae	0.07819623748276867	0.07764628680602018	0.07883759365542267	16252.82602573631	16070.78404853523	16389.63871108876	16225.049540674116	16035.249598767748	16361.087655477031	16974.618154954052	16792.343286000054	17131.254284019527	13025.573000813683	12714.159982131569	13223.494812799645	13025.573000148892	12714.159983715086	13223.494813559584	0.1916
MAR	0.3921052631578947	lin	mse	0.009553528797752689	0.009426760663416285	0.009649453376161752	646942474.9882911	636929838.8987265	656281748.0016502	645048405.7231925	633316338.7134612	654773490.6967539	743201456.8512622	728190414.4678572	755024381.769099	532395763.7595123	517727460.63660896	545355460.8409781	532395763.76431674	517727460.7306364	545355460.8079543	0.1916
MAR	0.3921052631578947	lin	rmse	0.09773793825758664	0.09709150502864995	0.09823163108805873	25431.770002088255	25237.467184390913	25617.99551919911	25394.665790070732	25165.766718052895	25588.536185950044	27258.257539460585	26985.003460120955	27477.704908756506	23068.83177333921	22753.62504563534	23352.846870158235	23068.83177343269	22753.6250477015	23352.84686945127	0.1916
MAR	0.4184210526315789	lin	ev	0.9999999999986099	0.9999999999985799	0.9999999999986388	0.8999153920686105	0.8981889219231749	0.9017994222161536	0.9001946936124071	0.8984956126972481	0.9020915068651483	0.8851141498236664	0.8827829426600109	0.8877304232763273	0.9160964030186072	0.9133019589531883	0.918745694971559	0.9160964030151519	0.9133019589473856	0.9187456949650014	0.20490000000000014
MAR	0.4184210526315789	lin	mae	0.07805271817396829	0.07747621413273614	0.07872590177147316	17168.236594537182	16962.306720488763	17346.11159724411	17142.769491507424	16953.2256768852	17309.520108773977	17962.343553265364	17740.018003144505	18208.102531560144	13767.564892816266	13525.94409047315	14082.770924486744	13767.564893104645	13525.944091152602	14082.77092483149	0.20490000000000014
MAR	0.4184210526315789	lin	mse	0.009525013822222417	0.00939761753317599	0.009691092094761027	683736015.8442591	666713098.5835285	698879908.8971158	681823746.0975574	665702452.5424907	695606164.7128611	784855225.7475473	762159185.5137153	804148611.3142889	573182005.305819	552563456.6624191	592841949.1175653	573182005.3289592	552563456.7185513	592841949.0660998	0.20490000000000014
MAR	0.4184210526315789	lin	rmse	0.09759125915343256	0.09694130937591948	0.09844332852475704	26144.636575051394	25820.78737163975	26436.336695310983	26108.126832977418	25801.207847770587	26374.346712533275	28011.04350109264	27607.1680593965	28357.49734475089	23933.72512303464	23506.642882548018	24348.335346829524	23933.725123511427	23506.64288374129	24348.335345774234	0.20490000000000014
MAR	0.44473684210526315	lin	ev	0.9999999999985938	0.9999999999985645	0.9999999999986294	0.8933465811915755	0.8910489762618781	0.8950587451509513	0.8936038152052228	0.8912766733184617	0.8958348951821484	0.8776149132488841	0.8746369207700784	0.8798713664545197	0.9102972105699991	0.9077841823948939	0.9130482563428517	0.910297210562727	0.9077841823964732	0.9130482563430813	0.21735999999999997
MAR	0.44473684210526315	lin	mae	0.07823781182928385	0.0775212083180922	0.07876665563645562	18090.18619362736	17840.370235976276	18370.99702587014	18066.80525735896	17834.456751356294	18333.019415097617	18935.018074989624	18683.57477111419	19209.2874059853	14529.005414180336	14300.879606423887	14781.281006138237	14529.005413858145	14300.879606027114	14781.281008342728	0.21735999999999997
MAR	0.44473684210526315	lin	mse	0.009577948047927507	0.009424197217199087	0.009708139156196127	728599789.686694	711530680.8708806	743316432.1639546	726835732.6800706	710489449.2402061	742182525.8050423	836122153.6016133	815985363.566241	856906855.0572724	612782883.8644016	594341122.9300245	629177729.920783	612782883.9158413	594341122.8965955	629177729.9732103	0.21735999999999997
MAR	0.44473684210526315	lin	rmse	0.09786247309389319	0.09707828623702026	0.0985298870766701	26988.799324016247	26674.516108089018	27263.82963850349	26956.167664607532	26655.007128195277	27243.02218485725	28911.5494681738	28565.45741740027	29272.97115113342	24749.183805570476	24379.097841037725	25083.39552021979	24749.183806543686	24379.097840352333	25083.395521265928	0.21735999999999997
MAR	0.47105263157894733	lin	ev	0.9999999999986112	0.9999999999985922	0.999999999998636	0.8882298876885205	0.8867044848452871	0.8907759413779246	0.8885166485873701	0.8868633430386472	0.890518599260687	0.8712408153223028	0.8680149536714157	0.8748431889647211	0.905944908621249	0.903360098399161	0.909010564703468	0.90594490862318	0.9033600984203471	0.9090105646632095	0.23017999999999994
MAR	0.47105263157894733	lin	mae	0.0780314255087001	0.07747950794173643	0.07846675723124591	18873.887176714907	18701.337537227617	19127.125379803038	18846.654353204256	18659.93744117472	19056.483634734454	19812.16584805655	19569.410513829476	19996.47984563931	15175.724992520956	14880.597053100428	15385.437610323146	15175.72499284322	14880.597052692436	15385.437610872974	0.23017999999999994
MAR	0.47105263157894733	lin	mse	0.009518530929621058	0.009394943459896995	0.009620953469756636	763541560.1075324	746952266.4290721	777266748.2076386	761578746.4474651	747141868.6096371	773682552.0608125	879652071.0385388	851138450.6135782	900836304.1240115	642548874.876649	623011239.823325	657595066.521287	642548874.8643308	623011239.9284654	657595066.2818155	0.23017999999999994
MAR	0.47105263157894733	lin	rmse	0.0975590589582194	0.0969275129440024	0.09808645640711247	27628.80303344134	27330.425923493713	27879.49889069194	27593.464385740994	27333.894765149853	27815.149322818517	29654.236752795518	29174.26510729859	30013.93515270445	25341.998218955934	24960.18476559268	25643.614632868797	25341.99821870857	24960.18476769993	25643.61462820068	0.23017999999999994
MAR	0.4973684210526315	lin	ev	0.9999999999986141	0.999999999998591	0.9999999999986412	0.8830465355356937	0.8808509857429949	0.8854076367459806	0.8832965058480801	0.8812830607810824	0.8856592637666209	0.8653489943414314	0.862688395237206	0.8678638588081714	0.9017565432301846	0.8999753897836578	0.9043598393083591	0.9017565432263772	0.8999753897798242	0.9043598392680462	0.24362000000000006
MAR	0.4973684210526315	lin	mae	0.07784170632617818	0.07724876061154587	0.07850787930035538	19648.164835308686	19427.075176371774	19810.686368742852	19623.965022154283	19406.806204037235	19812.4123863235	20627.20422450786	20421.889661452264	20846.471480310654	15780.036560494505	15587.73336694853	15955.050573993496	15780.036561113264	15587.733367736892	15955.050573008662	0.24362000000000006
MAR	0.4973684210526315	lin	mse	0.009480416923400754	0.009370262987308092	0.009604758322625112	798951315.4374448	779456143.0895615	816498378.1956524	797237495.2332503	777636222.3029646	814094738.6669779	919883963.5550792	901861176.08707	939744365.7139305	671104391.3570125	652621600.0160096	684882369.7883916	671104391.3829296	652621600.1067209	684882369.7740463	0.24362000000000006
MAR	0.4973684210526315	lin	rmse	0.09736251186702315	0.09680011865523518	0.09800386627036389	28262.110610565283	27918.716926677207	28574.435740684807	28231.81206096191	27886.109956087115	28532.3446574455	30326.626235028423	30031.002474405905	30655.25005407782	25902.082773987255	25546.457869097823	26170.249799367615	25902.082774499468	25546.457870872073	26170.24979909361	0.24362000000000006
MAR	0.5236842105263158	lin	ev	0.9999999999985993	0.9999999999985716	0.9999999999986242	0.8779137645970405	0.8753810706938083	0.8803550126076651	0.8781457932358913	0.875753919847586	0.88060080316404	0.8597428479993264	0.8572152398834234	0.8622831757829139	0.8950035631633406	0.8917181401771872	0.8981914545535451	0.8950035631573309	0.8917181401905773	0.8981914545674313	0.25630000000000003
MAR	0.5236842105263158	lin	mae	0.07816735151463008	0.0773379774211104	0.07894916358208445	20377.688562736104	20173.427696553732	20538.5469331461	20357.011407490798	20126.72497115227	20535.51705585162	21467.98445057254	21218.174574249337	21638.981072344162	16585.091636783764	16306.646497352041	16862.863380494768	16585.091636187353	16306.646476598118	16862.86338572693	0.25630000000000003
MAR	0.5236842105263158	lin	mse	0.009561140518171607	0.009383037998495661	0.009746904591397957	833976445.5660415	818989815.3657823	853722535.4880896	832386447.086053	818093607.9262271	852774443.7564019	958196645.9531561	942627565.6409985	982039961.9620838	717226074.3337271	695620155.0818044	741955987.1755773	717226074.37457	695620154.3391292	741955987.261478	0.25630000000000003
MAR	0.5236842105263158	lin	rmse	0.0977739853000203	0.0968660828025823	0.09872641017068176	28875.290808109316	28617.99407329393	29218.53068263934	28847.793766059924	28602.335324221178	29202.302000863227	30950.318563822642	30702.230967465992	31337.511980454285	26774.839399679095	26374.61078728578	27238.858206402947	26774.839400415945	26374.61077320384	27238.858207979338	0.25630000000000003
MAR	0.55	lin	ev	0.9999999999986092	0.9999999999985851	0.9999999999986403	0.8744863883159727	0.8715253404090885	0.8763893293051954	0.8747006682241439	0.8719325335185653	0.8765781298478263	0.8551191244324167	0.852259894233237	0.8575606194440937	0.8915911317561911	0.8882011153653548	0.8945041458875507	0.8915911317526549	0.8882011153588121	0.8945041458850809	0.26886
MAR	0.55	lin	mae	0.0779264605481055	0.07721379414635865	0.07848636205236972	20951.38102191672	20719.93628794084	21202.100269982944	20931.07474242612	20718.274069595307	21155.021781090727	22144.625297034614	21934.61132367745	22362.29789340454	17090.8251805974	16868.35183195781	17307.523372493943	17090.825181190827	16868.35183096231	17307.523371814263	0.26886
MAR	0.55	lin	mse	0.009518501777764527	0.009330875104117814	0.00962607186988476	857414543.1838058	844201943.7010293	872752844.912507	855946389.578515	840085466.4951062	874142649.4027926	989725293.4296525	974375883.4573661	1014483315.2799487	740539547.5543388	724009346.6057161	761055820.9857036	740539547.5791568	724009346.8350618	761055820.6081048	0.26886
MAR	0.55	lin	rmse	0.09755391722169796	0.09659644051174507	0.0981125429325295	29278.42657421343	29055.15331761162	29542.381960286897	29253.597713665386	28984.219643337245	29565.847847726975	31456.63096295968	31214.99204377289	31850.95033369401	27207.761012061503	26907.413803648946	27587.214244050312	27207.76101252335	26907.4138079039	27587.214237209366	0.26886
MCAR	0.05	lin	ev	0.9999999999985926	0.9999999999985801	0.999999999998606	0.9900673053267193	0.9891296919534192	0.9907030967368141	0.9900669065856771	0.9891595460863207	0.9906992075346057	0.9856436460779752	0.984973020947734	0.9866992076608622	0.9923787437686578	0.9913985148587565	0.9932620520894703	0.9923787437614697	0.9913985148548239	0.9932620520592135	0.024340000000000007
MCAR	0.05	lin	mae	0.07843939875056544	0.07808461731395028	0.07869391690755526	2293.51579972222	2159.431587706703	2419.661171810198	2293.267606973823	2161.360843940981	2420.0399881308385	2595.283144109673	2472.8402308127706	2709.482900447682	2292.406447113297	2140.771839889558	2456.493917963602	2292.406448473937	2140.7718481589854	2456.493914971641	0.024340000000000007
MCAR	0.05	lin	mse	0.009623135167796034	0.0095482459459499	0.009678516896408154	67860649.08886759	64067683.02051453	74358729.24993584	67863424.05919999	64074993.094682455	74101120.93726826	98093779.9460287	90156329.22580445	103718802.21919754	52070831.06388309	46304301.03911662	58535404.106150314	52070831.11288535	46304300.53949292	58535404.110631615	0.024340000000000007
MCAR	0.05	lin	rmse	0.09809589872691343	0.09771511984677508	0.09837945299748949	8226.384607270013	8004.228717015226	8623.141554866925	8226.640737566808	8004.685625937344	8608.197200204366	9891.875586949229	9495.067986860093	10184.240789069665	7197.859561827824	6804.666862781557	7650.734721099062	7197.859565513371	6804.666825986589	7650.734721375035	0.024340000000000007
MCAR	0.07631578947368421	lin	ev	0.9999999999985897	0.9999999999985756	0.9999999999986067	0.9832082960310864	0.9820600707983154	0.9843108669174823	0.9832098073543772	0.9820629683087577	0.9843199562632073	0.9779560903300272	0.9770108587173333	0.9792006464273226	0.9869688850552153	0.9860394679457308	0.9879124470564025	0.9869688850607364	0.9860394679489367	0.9879124470607815	0.03715999999999999
MCAR	0.07631578947368421	lin	mae	0.07845320502937679	0.07812479902750438	0.07877159008899204	3474.9537417633837	3357.906548359053	3596.4081003801075	3474.630916648654	3358.3705238720995	3596.162107415133	3813.53031879482	3701.569409516662	3942.3487838923947	3256.5327694716184	3139.823473234692	3380.758464020978	3256.532768836461	3139.823472147451	3380.7584625835243	0.03715999999999999
MCAR	0.07631578947368421	lin	mse	0.0096255168241568	0.009546735174558115	0.00970143460127888	114730201.98450357	106871174.08136436	122989863.92023681	114719553.19246762	106991164.40727991	123007328.18371102	150619368.56936345	142103661.2396877	157009863.51220542	89031851.39688642	82921888.7283295	94230463.19417483	89031851.35965908	82921889.23488685	94230463.15938717	0.03715999999999999
MCAR	0.07631578947368421	lin	rmse	0.09810795081725705	0.09770739555279398	0.09849586081696825	10701.402132590916	10337.823332627639	11090.079525738833	10700.94467035037	10343.628834759122	11090.866866811451	12263.141639418038	11920.687965853867	12530.354795831692	9426.191530162694	9106.138066278461	9707.230291259822	9426.191528167778	9106.138094115717	9707.230289470284	0.03715999999999999
MCAR	0.10263157894736842	lin	ev	0.9999999999985918	0.9999999999985778	0.9999999999986118	0.9769630302373384	0.9760048569470222	0.9779992228263429	0.9769646125958418	0.9760288642656849	0.9779931638808949	0.9712958404389467	0.9700922694188644	0.9729220896195536	0.9817739748973316	0.9809156274993793	0.982937446532367	0.9817739748942012	0.9809156274970388	0.9829374465336329	0.05018000000000001
MCAR	0.10263157894736842	lin	mae	0.07842002520580815	0.07800792057060169	0.07868647667829318	4646.135856938654	4487.55834688567	4765.2012976107035	4645.915684301051	4488.7106172341955	4768.463700972599	4976.176195031711	4807.498534602705	5100.89188402081	4103.775715971253	3957.5866598611046	4257.163421923954	4103.775716846977	3957.5866580286956	4257.16342426536	0.05018000000000001
MCAR	0.10263157894736842	lin	mse	0.009623276447153132	0.009546058829177138	0.009695650932659335	157381670.1059693	148545646.74304587	163780649.23231035	157370437.2625635	148535180.85508594	163797321.92244336	196114613.028818	185578413.2589855	206057606.07409498	124497718.19181794	115649433.9035516	130942371.20162459	124497718.21258853	115649433.6613374	130942371.17748944	0.05018000000000001
MCAR	0.10263157894736842	lin	rmse	0.098096312130622	0.09770393429990043	0.0984664914014072	12537.379761293361	12187.929260796875	12797.681250058422	12536.961396617564	12187.499005374679	12798.33248425744	13995.205368854578	13622.716597435061	14354.69849430547	11147.063977172274	10754.042457359708	11442.99394418958	11147.063978096381	10754.042446096817	11442.993943134865	0.05018000000000001
MCAR	0.12894736842105264	lin	ev	0.9999999999985945	0.9999999999985805	0.9999999999986133	0.9706698892083719	0.9695897641930776	0.9717822707876967	0.9706727841070323	0.969637146688468	0.9717950946620313	0.9642486791552325	0.9633808425747152	0.9657154765295775	0.9766017874986984	0.9754308353008917	0.9780696484161083	0.9766017874972852	0.9754308352848106	0.9780696484288206	0.06292000000000002
MCAR	0.12894736842105264	lin	mae	0.07840355805912262	0.07788476633206419	0.07877539633394655	5808.616589238608	5647.231093041652	5945.547984113424	5807.921191084187	5650.305182818336	5944.128631909176	6160.589736748556	6009.005725059065	6292.239351477225	4941.6580032348	4794.662633707363	5094.199969584769	4941.658003036001	4794.662632557694	5094.1999691803285	0.06292000000000002
MCAR	0.12894736842105264	lin	mse	0.009614142148590016	0.009522171306231569	0.009692445579985401	200396606.40565273	191327804.7672997	207769342.980231	200376692.3708665	191412887.82981557	207731971.77291107	244271687.10516033	232186958.7473957	251079524.46523044	159877779.9126252	149655298.308674	169178594.39307302	159877779.92222577	149655298.44662645	169178594.41560543	0.06292000000000002
MCAR	0.12894736842105264	lin	rmse	0.0980493907730888	0.09758161353347168	0.09845021812868829	14149.664301198134	13832.116577635386	14414.2062265124	14148.99410091574	13835.189919706741	14412.90984199857	15622.28008494597	15237.628966454417	15845.489088802635	12635.240119605463	12233.326941166837	13006.855762736517	12635.240120015636	12233.326946785935	13006.85576359995	0.06292000000000002
MCAR	0.15526315789473683	lin	ev	0.9999999999985911	0.9999999999985729	0.9999999999986074	0.964125153177679	0.9631363720048327	0.9651942371847824	0.96412709804367	0.9631540107245032	0.9651832601343426	0.9573995596425501	0.9560901349009322	0.9586130387455152	0.9717727517630947	0.9702260416691623	0.9735263915286112	0.9717727517601622	0.9702260416746648	0.973526391534717	0.07578
MCAR	0.15526315789473683	lin	mae	0.07842450532992876	0.07802672473117155	0.07888145100167436	7018.572658145132	6878.551425473941	7184.47397454977	7018.018102700193	6879.539634448782	7183.220784768366	7346.8545914923425	7220.864576164391	7526.447195827557	5696.363724058295	5473.591356342691	5905.787136815134	5696.363723228449	5473.59135531699	5905.787143594265	0.07578
MCAR	0.15526315789473683	lin	mse	0.009621693444622442	0.009524231294200498	0.009707228124098567	245069641.17499354	239045349.54568797	252156572.11837453	245056384.65421215	239099778.9231813	252173326.88099104	291006884.25986123	282463053.41641337	300036245.53312767	192841408.00746974	180655918.9298596	202938039.78397414	192841408.0277689	180655918.90242106	202938040.6341256	0.07578
MCAR	0.15526315789473683	lin	rmse	0.09808780683616933	0.09759216786253555	0.09852526593207331	15650.830584811058	15461.090543198134	15879.438049211483	15650.40526623268	15462.851077722147	15879.965275987986	17054.093636216745	16806.627237314256	17321.551731075135	13876.678083368712	13440.802716230368	14245.629386450555	13876.67808414697	13440.802715209542	14245.629416277698	0.07578
MCAR	0.18157894736842106	lin	ev	0.9999999999985945	0.9999999999985841	0.9999999999986091	0.9574897030048475	0.9562839237480864	0.9586796959279521	0.9574905484605989	0.9563210993738935	0.9586832442862322	0.9499323772743058	0.9485564600336056	0.9513444982080465	0.9662402616105836	0.9650919332158528	0.967595364564605	0.9662402616133541	0.9650919332192144	0.9675953645557936	0.08896000000000001
MCAR	0.18157894736842106	lin	mae	0.07834864653209006	0.07794338659582926	0.07871741486381166	8219.046438186848	8028.4758867121855	8407.620085039089	8218.49421229309	8030.383036320768	8405.813172784154	8602.42277663667	8393.843584363945	8785.430413481705	6567.932836501661	6366.090216488361	6721.843509442567	6567.93283645387	6366.090215499488	6721.8435122578	0.08896000000000001
MCAR	0.18157894736842106	lin	mse	0.009592730536580482	0.009477535981745586	0.009678025727073904	290422306.1028993	282642248.7535862	298250997.017834	290416567.8485419	282697796.57713133	298155089.03009784	342074018.18772566	332862962.4769223	349884419.91479665	230637520.80694267	221216151.00218555	235820372.8653535	230637520.78741702	221216150.78745404	235820372.87460086	0.08896000000000001
MCAR	0.18157894736842106	lin	rmse	0.09793975229632497	0.09735263673243183	0.09837695002974094	17038.335369338583	16811.960859999643	17269.938628199718	17038.169929640575	16813.61276147511	17267.161150111053	18491.160119812193	18244.528270815208	18705.19092992503	15179.205169258614	14873.336915432657	15356.438652474762	15179.20516861311	14873.336908213967	15356.438652777775	0.08896000000000001
MCAR	0.20789473684210524	lin	ev	0.9999999999985931	0.9999999999985744	0.9999999999986101	0.9515269600484488	0.9499815532547615	0.9529547005733504	0.9515248334576023	0.9499969982664449	0.9529882333629623	0.9430682400162037	0.9417043855284245	0.9445910087466654	0.9617394934224553	0.9604137002760833	0.963098880396764	0.961739493425793	0.9604137002682316	0.9630988804081415	0.10194000000000003
MCAR	0.20789473684210524	lin	mae	0.07839692193011094	0.0780124028249862	0.07882020559352154	9329.440088015115	9126.48866751136	9490.682117012375	9329.40453403388	9125.078876173184	9488.459905595637	9738.912484611592	9577.914171724562	9861.868641104775	7328.5202358162005	7152.156531182948	7504.881771624039	7328.52023577979	7152.156530833007	7504.8817703269015	0.10194000000000003
MCAR	0.20789473684210524	lin	mse	0.009615175630434424	0.009509828792364974	0.009716090325968511	331114445.8782026	322100732.2336252	339026823.7625352	331128962.70030874	322176980.2358234	339064914.2780914	388887556.19874406	379771713.3956891	397813755.4166174	261371449.02932027	251664602.63721386	270325753.6426712	261371449.00647563	251664602.62173203	270325753.60742307	0.10194000000000003
MCAR	0.20789473684210524	lin	rmse	0.09805457003602992	0.09751834889098253	0.09857023025022184	18192.908521476016	17947.162087912024	18412.67733344095	18193.320524682604	17949.284098011824	18413.711260584627	19717.42912006408	19487.72884771064	19945.2665468712	16160.323541717411	15863.940228146655	16441.585810154676	16160.323540988635	15863.940227658624	16441.58580908282	0.10194000000000003
MCAR	0.23421052631578948	lin	ev	0.9999999999985936	0.9999999999985749	0.9999999999986096	0.9458149030283125	0.9441246057973833	0.9473204463757612	0.945810754826275	0.9441283110824369	0.9473226977470095	0.9369399364455119	0.9349335961692102	0.9387035030956443	0.9571156381198277	0.9561169150839968	0.9583618873908801	0.9571156381231885	0.9561169151133528	0.9583618874082382	0.11454000000000004
MCAR	0.23421052631578948	lin	mae	0.0784134576628839	0.07806477111058173	0.07883341544612024	10399.634686154017	10151.241998369318	10609.641734706278	10400.199117942635	10150.809988987014	10609.375785477396	10824.829360930795	10619.651351674536	11051.56308776904	8095.381359003138	7927.653485650219	8274.398949697106	8095.381358874168	7927.653486702918	8274.398945643614	0.11454000000000004
MCAR	0.23421052631578948	lin	mse	0.009620078765139723	0.009518754219202863	0.009719228009137956	370156351.071583	360517267.13621795	381291016.091283	370185018.06302065	360429881.0992333	381420379.9430331	430788707.897394	418270699.03021115	445287743.3343847	292957560.4540722	285263871.47759634	301468097.176098	292957560.4311102	285263871.46570545	301468097.1884803	0.11454000000000004
MCAR	0.23421052631578948	lin	rmse	0.09807916358973345	0.09756410192616907	0.09858614491890205	19235.788585295217	18987.292236576715	19526.674453535677	19236.53216505333	18984.990878829012	19529.986299252443	20751.44349105856	20451.662852695714	21101.841873113037	17111.60617515278	16889.756392378375	17362.83646152557	17111.60617443991	16889.75639202632	17362.836461882074	0.11454000000000004
MCAR	0.26052631578947366	lin	ev	0.99999999999859	0.9999999999985658	0.999999999998622	0.9392780554325714	0.9379301839745742	0.9401005308624608	0.9392714140520453	0.9379157959188458	0.9400908480277399	0.9296238023681598	0.927855426738939	0.9315676960336351	0.9509237734582822	0.9493949807902151	0.9525692258235423	0.9509237734646802	0.9493949808044153	0.952569225831635	0.12736
MCAR	0.26052631578947366	lin	mae	0.0783998392362272	0.07782140760109485	0.07880600753587512	11555.237995255005	11446.99657418244	11735.027877371956	11555.581862161303	11445.671270327159	11736.530889690739	12025.114466655099	11786.331504477348	12248.799666387611	8991.259142904792	8797.835885761275	9174.734182417993	8991.259142917803	8797.835884159074	9174.734181173044	0.12736
MCAR	0.26052631578947366	lin	mse	0.0096059769181706	0.009490029485004907	0.009703502042594195	414797490.36354715	408862652.8371152	423601755.51892745	414842670.5984467	408772422.12566185	423879656.5149455	480781036.61592627	466534505.01949394	494033864.6378775	335267982.64482766	325153278.4022491	344887747.4300059	335267982.6007413	325153278.3098421	344887747.3298236	0.12736
MCAR	0.26052631578947366	lin	rmse	0.09800642984338916	0.09741678212211202	0.09850635389078696	20364.049025990873	20220.352440548522	20581.58777331625	20365.151248711678	20218.120905276242	20588.336536823106	21923.0915294413	21599.40895107908	22226.87243245681	18304.817535898797	18031.991545625806	18571.147753037825	18304.81753472675	18031.99154306198	18571.147750341355	0.12736
MCAR	0.2868421052631579	lin	ev	0.9999999999985967	0.9999999999985779	0.9999999999986133	0.9340002544323043	0.9329204289796496	0.9349434630277353	0.9339961094457155	0.9329375201315978	0.9349055857084183	0.9235059043129745	0.922113451639648	0.925039205069261	0.9466422004961508	0.9451689131856564	0.9483398119977264	0.9466422004991828	0.9451689132461172	0.9483398120035609	0.14028000000000002
MCAR	0.2868421052631579	lin	mae	0.07826476688916299	0.07788637478991495	0.07877383261810872	12541.221928306199	12372.319403781537	12696.858089372148	12541.270388783229	12371.570594794332	12691.714664999494	13059.576756204046	12911.235484138897	13228.787277991745	9686.283922547616	9496.65629861548	9919.093599630132	9686.28392160253	9496.656298470474	9919.093569467183	0.14028000000000002
MCAR	0.2868421052631579	lin	mse	0.009580729777063762	0.009500154880508635	0.009672997625556167	450882469.5100564	440775779.9694575	459733843.9608815	450910405.7729621	440757222.5006531	459523624.1941538	522611612.3915817	512062338.09695756	530593678.00197744	364495431.48195165	353714124.9801901	376099080.8316042	364495431.4618305	353714124.92662174	376099080.7586025	0.14028000000000002
MCAR	0.2868421052631579	lin	rmse	0.09787817222890839	0.09746873432980947	0.09835139866265483	21230.850279864346	20994.66074486832	21441.404463473405	21231.51286001918	20994.21847903427	21436.502038202714	22857.727042588023	22628.792281609556	23034.619075052615	19086.688527495582	18807.286671398153	19393.273875751933	19086.68852698056	18807.286669974117	19393.273873869686	0.14028000000000002
MCAR	0.3131578947368421	lin	ev	0.9999999999985986	0.9999999999985805	0.9999999999986188	0.9283095451518136	0.9269555635492044	0.9296820210502837	0.9283072922240778	0.9269515013278057	0.9296717167248159	0.9172459835293005	0.9155928689587102	0.918980618602436	0.9425965286327745	0.940297535757735	0.9452229487164943	0.942596528634204	0.9402975357788439	0.9452229487138837	0.1534399999999999
MCAR	0.3131578947368421	lin	mae	0.0782653120623128	0.07769959755007899	0.07867063694738474	13601.977242262401	13406.953272128158	13773.847331041155	13601.687813524744	13404.250533843464	13771.008603240967	14138.48527390843	13977.912806356888	14310.685086418493	10338.683408712779	10116.916553403955	10549.597034246972	10338.683409118847	10116.916555005171	10549.597029163539	0.1534399999999999
MCAR	0.3131578947368421	lin	mse	0.009573922315508987	0.009456459641818524	0.009661109699942761	489701522.16756064	479635052.6592416	499528304.6898488	489717455.597538	479488009.8601512	499586576.64286375	565319161.7097142	551837847.0310016	577302998.6635212	392111645.89634806	375064452.14177173	408575629.0465262	392111645.8869301	375064452.17773414	408575629.0629027	0.1534399999999999
MCAR	0.3131578947368421	lin	rmse	0.09784336247650495	0.09724432768875152	0.09829094409486426	22126.821549460372	21900.57187083108	22350.129784991914	22127.181496363213	21897.21389679648	22351.433385265613	23774.281446811616	23491.224393293498	24027.128237464865	19795.983321773972	19366.552942084978	20213.25233686182	19795.983321548585	19366.552943014394	20213.252337266942	0.1534399999999999
MCAR	0.3394736842105263	lin	ev	0.9999999999985968	0.9999999999985765	0.9999999999986187	0.9229015792379619	0.9207643620105058	0.9245632104842686	0.9229012398407714	0.9207724334621643	0.9245593326653679	0.910891275673266	0.9086161522816948	0.9126423022507579	0.9372587506986624	0.9354391568118001	0.939393587120381	0.9372587507057922	0.935439156854928	0.9393935870963874	0.16612000000000002
MCAR	0.3394736842105263	lin	mae	0.07833013022120157	0.07791772402640147	0.0787933604099382	14576.616480238918	14346.22783399809	14839.267637593566	14575.890456800516	14343.684766521355	14839.46865353406	15160.17025875182	14944.616593851659	15413.857141635093	11113.1249098747	10914.631854742438	11305.74592827575	11113.124908629736	10914.63185457796	11305.74592813531	0.16612000000000002
MCAR	0.3394736842105263	lin	mse	0.009587812185021489	0.009471354797275844	0.00969096152131086	526719503.973598	512297495.8913832	541692021.293827	526721711.1829106	512300899.82664335	541760457.3487229	608755272.9625347	593845499.44823	623381370.7679905	428608002.9358931	414763365.00498503	439525829.38247675	428608002.8879334	414763364.89084536	439525829.32390225	0.16612000000000002
MCAR	0.3394736842105263	lin	rmse	0.09791356044769502	0.09732088237687705	0.09844267358436545	22946.372157100737	22633.986804130618	23274.277531044365	22946.43229381145	22634.061789572384	23275.747110106233	24669.277442017075	24368.944613618245	24967.601942730616	20695.91253768096	20365.706530491894	20964.866709217687	20695.91253650163	20365.706527689974	20964.866707822322	0.16612000000000002
MCAR	0.3657894736842105	lin	ev	0.9999999999985935	0.999999999998569	0.9999999999986199	0.9173596035888112	0.9161326188810678	0.9181526453734165	0.9173578697376047	0.9161576813636734	0.9181539074714679	0.9046999859215683	0.9029992618560265	0.90628284230163	0.9319040285873608	0.9300579959878983	0.9342908430375688	0.931904028590167	0.930057995993542	0.9342908430328358	0.17918
MCAR	0.3657894736842105	lin	mae	0.07839404106424168	0.07773403193271845	0.07890664322421548	15577.197290376236	15373.317376062378	15782.981208966577	15576.682873579855	15373.355939803512	15784.317642314982	16199.280234155547	15975.983017457027	16420.086359769175	11890.986807297957	11706.502060787854	12086.651171386298	11890.98680778087	11706.502061799552	12086.651165793906	0.17918
MCAR	0.3657894736842105	lin	mse	0.009602312224242036	0.009453245204146431	0.00971303090178488	564555372.6840162	553816666.5597059	574301602.0501941	564567223.7766141	553882727.2208817	574234296.1583028	651043267.073181	636217738.4092786	665039673.7857393	465171917.3499901	449053469.53327274	479620413.0693482	465171917.33097595	449053469.60302067	479620412.9424007	0.17918
MCAR	0.3657894736842105	lin	rmse	0.09798677859304968	0.09722779937845666	0.09855470988703031	23758.13232468275	23533.309123005318	23964.589808450066	23758.383445068324	23534.712644037343	23963.18525159488	25513.47284292002	25223.356328878206	25788.36307050707	21563.758863521012	21190.881339028576	21900.237735013106	21563.758863098705	21190.881340674143	21900.2377321148	0.17918
MCAR	0.3921052631578947	lin	ev	0.9999999999985987	0.9999999999985772	0.9999999999986235	0.9129567438406531	0.911488025849134	0.914389266627923	0.9129515179029576	0.9114967598680792	0.914379582361031	0.899577881901958	0.8978724492644079	0.901556776484101	0.9277036236325047	0.9260728056653342	0.9298444200401399	0.9277036236342407	0.9260728056729138	0.9298444200487888	0.1913000000000001
MCAR	0.3921052631578947	lin	mae	0.07827822336253643	0.07773832299952517	0.07879290517784043	16378.543988473613	16139.76551974253	16565.74251376823	16378.593956163459	16139.914307985558	16565.669607281056	17071.84477355359	16816.489219729618	17304.98434035274	12537.138079938282	12309.443181599758	12706.623055238857	12537.138079804728	12309.443181712206	12706.62305147806	0.1913000000000001
MCAR	0.3921052631578947	lin	mse	0.009585107097319611	0.009458856362704462	0.009684507601407152	594644180.4552975	584086618.5716043	609260632.4697261	594679839.4460344	584028252.6635218	609189036.6559277	686074544.420361	672609148.2262298	699799367.2073498	493912044.90728307	481273319.8167658	507282883.09418285	493912044.89475274	481273319.89909065	507282883.2157417	0.1913000000000001
MCAR	0.3921052631578947	lin	rmse	0.09789940328475194	0.09725665122210811	0.0984098869274492	24383.000144177844	24167.88276944591	24683.20247078885	24383.73067714113	24166.675010249055	24681.75217470239	26190.20784275419	25934.708296246048	26453.720543631724	22218.9956187979	21937.929512820396	22522.938290237827	22218.995618540765	21937.929514694915	22522.93829293574	0.1913000000000001
MCAR	0.4184210526315789	lin	ev	0.9999999999985946	0.9999999999985705	0.9999999999986291	0.9078440819764214	0.9066605213971005	0.9093212705302565	0.9078374803946673	0.90665421569387	0.90929843994686	0.893690368915256	0.8922388642804359	0.8957338397179173	0.9225996680845199	0.9219454923304199	0.924845358620353	0.9225996680777854	0.9219454923349576	0.9248453586289554	0.20464000000000004
MCAR	0.4184210526315789	lin	mae	0.07823095630611011	0.07772748643195257	0.07882754099777389	17309.839975266037	17107.66519566536	17485.79623805344	17310.211763925203	17108.228880289356	17485.878966026117	18057.651012065846	17806.995921132973	18242.11010584363	13234.709142493264	12980.466904145624	13400.205233911365	13234.709143795531	12980.466902632561	13400.205235732776	0.20464000000000004
MCAR	0.4184210526315789	lin	mse	0.009582402189010302	0.009476851551131666	0.009716792191116213	629563476.1763781	618385870.5374461	639106696.3599043	629608802.405683	618349926.8023516	639128771.713451	726259682.6059785	711081731.3912896	738422219.8418221	528767606.3923389	510167968.64872414	537976321.6455107	528767606.4387119	510167968.6785058	537976321.6395189	0.20464000000000004
MCAR	0.4184210526315789	lin	rmse	0.097886127234572	0.09734912087633492	0.09857377911918884	25088.93860945378	24867.35243965908	25280.558790806583	25089.835216991833	24866.6307780107	25280.99495748946	26947.060732366732	26666.115316941923	27173.922223548856	22988.468939666556	22586.897917454793	23194.31470521694	22988.468940676274	22586.897918114264	23194.314705088036	0.20464000000000004
MCAR	0.44473684210526315	lin	ev	0.9999999999985968	0.999999999998571	0.9999999999986303	0.9031799031567428	0.901949850349797	0.9046516198149496	0.9031714895420861	0.9019514758434902	0.904634264478284	0.8877069136364419	0.8858244770558221	0.8894232871189123	0.9179696900531122	0.9162727402036237	0.9200160121157134	0.9179696900508186	0.9162727402054731	0.9200160120976144	0.21702000000000002
MCAR	0.44473684210526315	lin	mae	0.0781977705220085	0.07756901311969888	0.07870326647375686	18107.754755867256	17919.34651486222	18296.77484919939	18108.309800498424	17916.55678754209	18294.94763292744	18967.622319080197	18762.590956917753	19165.002073713087	13912.57097575206	13675.224832273327	14109.283471018001	13912.570976905898	13675.224831968664	14109.28346809068	0.21702000000000002
MCAR	0.44473684210526315	lin	mse	0.009572375879317653	0.009414424953723638	0.009675109363834231	661381887.2430018	650602636.0621895	669878272.4989429	661439364.5921078	650440229.8135426	670072756.8959438	767113971.7950152	753383125.0858281	780215992.2300965	560385166.4613535	544667094.6473771	575360037.960746	560385166.4772125	544667094.5128132	575360038.5978653	0.21702000000000002
MCAR	0.44473684210526315	lin	rmse	0.09783317751547604	0.09702794969974737	0.09836212965845022	25715.88483107728	25506.903246027065	25882.004750774897	25717.001269515502	25503.716272146827	25885.761258603066	27694.95604268157	27447.823538894383	27932.345751454715	23667.935728826065	23338.102471323535	23986.652334188966	23667.93572916139	23338.10246844096	23986.652347461597	0.21702000000000002
MCAR	0.47105263157894733	lin	ev	0.9999999999985976	0.9999999999985701	0.9999999999986242	0.89880002295992	0.8979028875701774	0.8998259789204285	0.8987898125617281	0.8979007460682948	0.8998321185310718	0.8829011584956831	0.8817441985004825	0.8845274665231209	0.9135291902334608	0.911999873717441	0.9156342154881472	0.9135291902302352	0.9119998737261226	0.9156342154872675	0.23025999999999996
MCAR	0.47105263157894733	lin	mae	0.07819441287195306	0.0777272798715885	0.07879435092549317	18893.895334597426	18731.937915633178	19021.037910205087	18894.30990318966	18732.020015251837	19022.34099979022	19810.952791073953	19641.598574594114	19969.199636863283	14577.953441424055	14358.139967514779	14763.017543830316	14577.95344119265	14358.139969652495	14763.017543688811	0.23025999999999996
MCAR	0.47105263157894733	lin	mse	0.009570828016678848	0.009440497200117828	0.009731217009242996	691315612.9410224	680888245.6611203	698728231.7331442	691385109.272239	680863583.5308095	698830810.7375561	799952571.0916185	788432713.1553186	812175196.714208	590682625.8463216	574931316.2812709	601230614.8946939	590682625.8679295	574931316.2126043	601230614.9017508	0.23025999999999996
MCAR	0.47105263157894733	lin	rmse	0.0978237593934635	0.0971622133947073	0.09864693065620123	26291.62541088967	26093.834860860952	26433.46666629232	26292.943474033447	26093.362325255046	26435.40661365116	28281.76264817557	28079.04337997402	28498.687275410215	24300.046801299533	23977.724570237224	24520.004100470964	24300.04680174149	23977.724568805617	24520.004100615137	0.23025999999999996
MCAR	0.4973684210526315	lin	ev	0.9999999999986001	0.9999999999985782	0.9999999999986283	0.8945349993281543	0.8926810256238233	0.8960019595669548	0.8945318094833378	0.8926793560384483	0.8960279827988447	0.876904846624419	0.8751180168281849	0.8782409363566316	0.908611537185153	0.9063649010184056	0.9099819217312236	0.9086115371833293	0.9063649010116155	0.9099819217560863	0.24329999999999996
MCAR	0.4973684210526315	lin	mae	0.07817698464931509	0.0776122031016376	0.07872097156647498	19599.13195808709	19418.339508647266	19734.834076818028	19598.958612546736	19418.645322497046	19738.213474039767	20644.882592253434	20448.852095656217	20778.330676299753	15210.932174212465	15015.200576196934	15404.369858991397	15210.932173944115	15015.200575844034	15404.36985946941	0.24329999999999996
MCAR	0.4973684210526315	lin	mse	0.009560545199267469	0.009439645255898218	0.009677485411938615	720453362.5783855	708849505.9662044	730038726.6007962	720475136.8717585	708829044.4983165	730148299.2420872	840918169.2219129	829913875.7903806	852893245.1814075	624333500.9900659	609058798.9152188	641396672.2060916	624333501.0021691	609058798.4913771	641396672.2055525	0.24329999999999996
MCAR	0.4973684210526315	lin	rmse	0.0977744475748451	0.09715783432882569	0.09837421099802393	26839.814487604377	26624.227035330867	27019.228723128526	26840.221049834603	26623.843131574577	27021.256396834684	28996.815660496814	28808.2258349269	29204.335698589985	24982.25429929846	24679.11365775951	25325.80824214791	24982.25429953909	24679.113649170053	25325.808242137668	0.24329999999999996
MCAR	0.5236842105263158	lin	ev	0.9999999999986025	0.9999999999985717	0.9999999999986281	0.8915150964721086	0.8905140268178796	0.8926612831535212	0.8915059506129086	0.8904911282393655	0.8926498590158678	0.8731630469820664	0.8716922713909043	0.8747355916779306	0.9051533044897632	0.9027594698725185	0.9077106269758008	0.9051533044745278	0.9027594698744511	0.9077106269821463	0.25598000000000004
MCAR	0.5236842105263158	lin	mae	0.07810178674474812	0.07747370657843561	0.07865699570593512	20202.578398631715	19999.165808714046	20375.950291738038	20203.273910094358	19999.113059322422	20376.02842936597	21365.514182574552	21128.69859805299	21565.01584834225	15783.344247375626	15558.293779050155	16069.663248392326	15783.344249526448	15558.293779845497	16069.663243445146	0.25598000000000004
MCAR	0.5236842105263158	lin	mse	0.009543818267439975	0.009370912909063042	0.00971303778128101	741135105.3847319	726330946.902484	751874347.5766604	741197595.6417985	726599295.0321616	752161797.7843851	866576965.5679176	848773460.1162425	881175467.62713	647930896.1117657	631880637.2843788	659786258.053468	647930896.2150817	631880637.3887594	659786257.9363068	0.25598000000000004
MCAR	0.5236842105263158	lin	rmse	0.09768502384831924	0.09680347506200085	0.09855474509723937	27222.015307729398	26950.527236055783	27420.32720579249	27223.162413029746	26955.505705443014	27425.567801469908	29435.008318716547	29133.716532336857	29684.598931810422	25449.511837784397	25137.235557057928	25686.304864159585	25449.51183981231	25137.235559134282	25686.304861878947	0.25598000000000004
MCAR	0.55	lin	ev	0.9999999999986029	0.9999999999985707	0.99999999999863	0.8877669093364153	0.8865557432629763	0.8885218616681873	0.8877634770539963	0.8865436652888585	0.8885467110995815	0.8682196959415387	0.8661474114094734	0.8694676448861385	0.9008914457679595	0.8990399416100894	0.9027776752095305	0.9008914457665472	0.8990399415885854	0.9027776752000297	0.2690600000000001
MCAR	0.55	lin	mae	0.07812744329181298	0.07725443325689398	0.07863157749908406	20809.75243377411	20671.243787984502	20926.21681149931	20809.463328726855	20671.845106070876	20925.686004445743	22079.367510877943	21896.788100159018	22252.019368953224	16374.906736552917	16149.731984961978	16615.526443403378	16374.906736891486	16149.731985103706	16615.526457663447	0.2690600000000001
MCAR	0.55	lin	mse	0.009550774995073957	0.009399355687113368	0.009716144849164556	766673308.5397164	759312063.3953995	774534694.3115675	766696572.087035	759317413.0628637	774509961.6754546	900221269.1341614	887664416.7252778	912879214.3295062	677041154.422707	663548470.3908174	692358623.9008139	677041154.4330274	663548470.3980762	692358623.9047213	0.2690600000000001
MCAR	0.55	lin	rmse	0.09772140705232253	0.09695027409264359	0.09857050685244997	27687.827847139575	27555.615642845005	27830.461417964536	27688.24936091668	27555.712145546855	27830.017072968967	30002.33180550681	29793.69747460488	30213.8909097252	26016.294039364704	25759.43338251434	26312.69633229079	26016.29403956323	25759.433382655472	26312.696332365056	0.2690600000000001
MNAR	0.05	lin	ev	0.9999999999985921	0.999999999998582	0.9999999999986118	0.9908525507823365	0.9900140512749028	0.9917554005653182	0.9908428627594926	0.9900048882766557	0.9917252463485802	0.986974896169984	0.9862573769118242	0.9876647183743444	0.9919430029960522	0.991223689378777	0.9925809883389188	0.9919430029922816	0.9912236893746595	0.9925809883519132	0.02432000000000001
MNAR	0.05	lin	mae	0.07840451098112479	0.07807017083666032	0.07866905352682797	2193.2314072528106	2080.3418544739666	2294.9187810079907	2196.0007162524525	2083.9709286468233	2297.8211025384594	2506.4651475805504	2438.944448089736	2613.5725528727135	2345.232470223073	2166.4717538779214	2506.0860440530705	2345.232472549538	2166.4717519024384	2506.0860426897275	0.02432000000000001
MNAR	0.05	lin	mse	0.009620851389191307	0.009543197989370717	0.009688005224200873	62497105.79255441	56079883.787843086	68088369.8806947	62563704.4709376	56011271.58566564	68124988.70537582	88999023.53682397	83922469.18190932	95945027.16932462	55055494.820530675	50091436.3356179	59371873.292230465	55055494.84610857	50091435.88777308	59371873.31772497	0.02432000000000001
MNAR	0.05	lin	rmse	0.09808415053773455	0.09768929152884165	0.0984276643695511	7891.579314809423	7488.601746727334	8251.567060002175	7895.852704219596	7484.010322463656	8253.783979915197	9421.281406677148	9160.914602046832	9795.094112705898	7402.292822784323	7077.496524649847	7705.3105220469415	7402.292824507338	7077.496493087375	7705.310523691966	0.02432000000000001
MNAR	0.07631578947368421	lin	ev	0.9999999999985935	0.9999999999985811	0.9999999999986071	0.9845183004016314	0.9838826928538426	0.9852614614079015	0.9845125755323098	0.9838615068013808	0.9852608056811992	0.9799287497767486	0.9788402578636175	0.9809594293361515	0.9867273539165187	0.9858572671527988	0.9876045715306794	0.9867273539226686	0.9858572671527167	0.9876045715258234	0.037499999999999985
MNAR	0.07631578947368421	lin	mae	0.07838826220510506	0.07812587265316832	0.07874662955445526	3427.1826536222648	3327.958978629173	3560.092130816297	3428.622189183485	3331.394065964117	3558.0579475682807	3719.528715251804	3606.6364065879775	3805.448146707974	3340.9529830910783	3208.4413435512333	3489.8974306663304	3340.9529813290283	3208.441334593833	3489.897431199737	0.037499999999999985
MNAR	0.07631578947368421	lin	mse	0.009614226730512852	0.00954996673597229	0.009689784397235302	105761849.70080909	100953735.79127258	110146194.31226057	105800472.27528043	100977147.08532119	110248822.98912425	137126740.31753236	129785455.49800062	143783098.2264121	90654230.04270157	84941823.47732522	96741062.19692202	90654230.00043105	84941823.701788	96741062.12086423	0.037499999999999985
MNAR	0.07631578947368421	lin	rmse	0.09805050477064724	0.09772393060053433	0.09843670071020227	10277.085933199918	10047.573347258307	10495.049245920349	10279.012023423544	10048.737911079901	10499.934755158034	11702.996211779984	11392.34194339317	11990.939093653678	9510.787044200515	9216.384835037657	9835.703143725059	9510.787042060803	9216.384847222	9835.703139859177	0.037499999999999985
MNAR	0.10263157894736842	lin	ev	0.9999999999985916	0.9999999999985779	0.999999999998607	0.9783537623698926	0.977694714771466	0.9791294293659558	0.9783496187681209	0.9777311328731975	0.9791123415321854	0.9729133062230259	0.9719140928333462	0.974090168754382	0.9811784303706033	0.9803758560286047	0.9818034457123384	0.9811784303792856	0.9803758560512689	0.9818034457133049	0.050219999999999994
MNAR	0.10263157894736842	lin	mae	0.07838251140588091	0.07807485702213847	0.07854243265453609	4611.677991275271	4501.735683361498	4718.807796732648	4612.796631523371	4504.81268165576	4719.770375718574	4929.6465651641465	4835.954923308842	5025.806765211019	4264.839860965319	4117.420224978817	4411.316032252214	4264.839860995642	4117.42022130647	4411.316032089696	0.050219999999999994
MNAR	0.10263157894736842	lin	mse	0.00961114652996484	0.009524442125171794	0.009670286974750473	147883155.29335603	142660070.15030712	152497832.07621688	147911069.3127681	142776185.0751047	152443598.03308934	185063314.88275796	177214283.14184445	193875317.0301445	128600149.3807959	123224717.23072374	134434273.95245054	128600149.32130691	123224717.27595934	134434273.92166138	0.050219999999999994
MNAR	0.10263157894736842	lin	rmse	0.09803444506512428	0.09759324617468795	0.09833761675813003	12156.221706092614	11944.031588225744	12348.997899158605	12157.370601189083	11948.897496863576	12346.796063852575	13598.0498251891	13312.184510885985	13923.848439996751	11332.878666915449	11100.662247430973	11594.570835517286	11332.878664148702	11100.662249468429	11594.570834188862	0.050219999999999994
MNAR	0.12894736842105264	lin	ev	0.9999999999985936	0.9999999999985804	0.9999999999986136	0.9723506888796385	0.9712525157954028	0.9734352931920437	0.9723432363692872	0.9712380686464649	0.9734538255024212	0.9663586330509432	0.9646966314333641	0.9677075864553064	0.9760221909445747	0.9751244329216753	0.9772009339743449	0.9760221909476264	0.9751244329017708	0.9772009339821988	0.0633
MNAR	0.12894736842105264	lin	mae	0.07834076323037902	0.07791543799734707	0.07877124444930457	5784.652197016502	5617.104156499679	5942.326720458462	5785.68634846315	5617.26986662439	5948.905296822621	6127.9805870740465	5907.4413620282885	6357.095123833451	5128.810207260878	4964.552249620435	5247.173324386071	5128.810206969008	4964.5522542477465	5247.17331897256	0.0633
MNAR	0.12894736842105264	lin	mse	0.009596370523832604	0.009524097477017008	0.009685383463296834	188883888.95006004	181400198.21506888	197656730.85498267	188934788.17010555	181437253.95532686	197801800.40151986	229841917.68923134	219234691.26451123	240723850.523011	163829922.61464167	156380812.80765292	170821002.26326	163829922.59381005	156380812.67522377	170821002.17213207	0.0633
MNAR	0.12894736842105264	lin	rmse	0.09795897863871239	0.09759148255195521	0.09841433977962019	13737.909735396033	13468.474745472604	14059.04319323426	13739.715921230772	13469.857249193697	14064.201983121024	15152.770496016694	14806.52356212213	15515.277943349209	12792.591522412804	12505.231355232623	13069.850884608191	12792.5915216201	12505.231349937596	13069.850881121885	0.0633
MNAR	0.15526315789473683	lin	ev	0.9999999999985948	0.9999999999985819	0.9999999999986109	0.9668512187959437	0.9658149595194386	0.9676202634067146	0.9668356068584965	0.9658244779593862	0.9676354418990624	0.9602147402092409	0.9591066251397269	0.9611720693573538	0.9715687166700949	0.969919670753024	0.9728606548865085	0.9715687166739626	0.969919670753123	0.9728606548761314	0.07553999999999998
MNAR	0.15526315789473683	lin	mae	0.07834951372416091	0.07792687042304436	0.07866716214793826	6868.144047372551	6739.145529127861	6984.187513558965	6870.38015759962	6740.660130045625	6987.748609128961	7203.873398122026	7132.404875391949	7300.916960906643	5872.414960843736	5693.336262197954	6044.2893873388275	5872.414960043596	5693.336260716422	6044.289387748935	0.07553999999999998
MNAR	0.15526315789473683	lin	mse	0.009602112325405483	0.00952147670911499	0.009674703146415319	226446934.2029062	222142120.71068323	233142802.83613527	226553258.95110536	222166549.04794142	233217330.6640211	271771406.92648536	263847233.8791178	277453601.0376039	194243429.77706033	184634118.2194752	207308113.31045288	194243429.75086543	184634118.17160943	207308113.3360668	0.07553999999999998
MNAR	0.15526315789473683	lin	rmse	0.09798827595149011	0.09757805352139055	0.09836006796122124	15044.796838191534	14904.43278160744	15269.005972606443	15048.355953783588	14905.252151894025	15271.441245204798	16481.73428374614	16243.375073532832	16656.93656233554	13926.246471151313	13587.998080678415	14398.195075052872	13926.246470144466	13587.998078915625	14398.19507594227	0.07553999999999998
MNAR	0.18157894736842106	lin	ev	0.999999999998597	0.9999999999985778	0.9999999999986187	0.96089555667835	0.9594552464761121	0.9620942815638235	0.9608677244655052	0.9594449005771493	0.9621222916722976	0.9533856632526391	0.9519478857569146	0.9547444079468561	0.9660477227810489	0.9647830590875393	0.9673300624579884	0.966047722776068	0.9647830591607631	0.9673300624618706	0.08870000000000001
MNAR	0.18157894736842106	lin	mae	0.07832398710536143	0.07791685811411031	0.07873461103411822	8016.216391945404	7863.034591401094	8204.169932270315	8019.824791061345	7870.593484051327	8212.030112459532	8386.333364717098	8224.195961635154	8588.51586428873	6801.218475308054	6611.459818391656	6952.132682134739	6801.218475834763	6611.459822518153	6952.1326849443685	0.08870000000000001
MNAR	0.18157894736842106	lin	mse	0.009593536545805845	0.0094770964806076	0.009698839324827718	267143958.66507158	257300039.81285304	277548780.00765663	267333563.9318414	257802954.80502355	277496886.7086311	318465470.7798183	307597618.5576431	330612192.0039379	231962147.76063964	222556012.87782165	240937228.9430712	231962147.7946423	222556013.04198444	240937229.04562464	0.08870000000000001
MNAR	0.18157894736842106	lin	rmse	0.09794422190944538	0.0973503798818747	0.09848267552550757	16339.931294052132	16040.574268794739	16659.795276905563	16345.766471996669	16056.241320926736	16658.237801573017	17840.43380233428	17538.461114007707	18182.74423461451	15223.873000044057	14918.3098175409	15522.151261578212	15223.873001235565	14918.309823044186	15522.151264880149	0.08870000000000001
MNAR	0.20789473684210524	lin	ev	0.9999999999985915	0.9999999999985771	0.9999999999986109	0.9548995911749942	0.9535495521268726	0.956201513928147	0.9548745096935385	0.9534921368927718	0.9562057107634738	0.9468367918803602	0.945268589729647	0.948464601410662	0.961158309565664	0.9594311556921492	0.9625523414745595	0.9611583095653126	0.959431155692431	0.9625523414672255	0.10150000000000002
MNAR	0.20789473684210524	lin	mae	0.07843712814212746	0.07801900075457636	0.07875199378310496	9161.420459859113	8951.218326811513	9359.403828654673	9164.26461760199	8959.201081339525	9366.665397781562	9556.947409650884	9352.07071667117	9759.765931911947	7617.156563794257	7423.805767561386	7851.249613209137	7617.15656357906	7423.805767186634	7851.249613575241	0.10150000000000002
MNAR	0.20789473684210524	lin	mse	0.009626865839082592	0.009513303543491511	0.009693955882237263	308097670.6206222	298461435.3708359	317028037.0057324	308268273.9642211	298652427.4398119	317212534.1320404	363175563.88899636	353599816.65676343	374766371.5876376	265307784.16612583	255530977.07289135	275691497.45087385	265307784.16836563	255530976.86019558	275691497.7516683	0.10150000000000002
MNAR	0.20789473684210524	lin	rmse	0.09811350938208971	0.09753612720062893	0.09845788502603396	17547.619691320484	17276.03149827402	17805.279683968274	17552.509879284786	17281.546582016137	17810.460576643807	19052.49254990405	18804.249341453826	19358.787701541245	16280.727987018694	15985.334221686375	16603.951070613013	16280.727987079898	15985.334215031422	16603.95107966588	0.10150000000000002
MNAR	0.23421052631578948	lin	ev	0.9999999999985976	0.9999999999985796	0.9999999999986153	0.9493898175172422	0.948359880909195	0.9506983829895095	0.9493689958577718	0.9483051772288768	0.950673291148122	0.9406928026870223	0.9394949242253083	0.9420522021491498	0.9558966307858633	0.9542412097741012	0.9577449116583292	0.9558966307800398	0.9542412097857508	0.9577449118944716	0.11476000000000008
MNAR	0.23421052631578948	lin	mae	0.07834982917971817	0.07791578600155415	0.07875375582996441	10244.94451376513	10072.925416732833	10415.987386094697	10247.05316040485	10076.044368328663	10412.355604494904	10666.041014014796	10454.589841235704	10797.418243916514	8470.929505254153	8227.559704530038	8682.767881172917	8470.929506048415	8227.559706900456	8682.767880505513	0.11476000000000008
MNAR	0.23421052631578948	lin	mse	0.009602078222101051	0.009498531716508279	0.00970132573017689	345745945.1045167	336105077.6154853	354983684.4682749	345887801.94629884	336478463.00135267	355495499.56755745	405163594.39419687	394665102.84423417	414125348.58352995	301287433.0920151	288087973.83428174	313857064.6966183	301287433.13054484	288087973.9366612	313857064.6464141	0.11476000000000008
MNAR	0.23421052631578948	lin	rmse	0.09798785030069902	0.0974604000474595	0.09849529530636615	18590.885854144715	18333.16415795416	18840.987487069473	18594.71699198401	18343.34886125673	18854.561011401616	20125.15566668662	19866.173470131373	20350.065628057862	17351.06557871066	16973.13941620472	17716.010376542214	17351.0655798316	16973.139419218205	17716.01037512496	0.11476000000000008
MNAR	0.26052631578947366	lin	ev	0.9999999999985918	0.9999999999985705	0.9999999999986102	0.9434602144689286	0.9415935358678069	0.9456413549977155	0.9434333675390033	0.9416455892166622	0.9456405391548666	0.9339236909478151	0.9319517311636429	0.9355533589393481	0.9508174227716758	0.9494122379543244	0.9524199633860853	0.950817422770405	0.9494122380832938	0.9524199633753127	0.1275
MNAR	0.26052631578947366	lin	mae	0.07832515807813892	0.07785594621775072	0.07869248182161509	11386.406952472178	11072.738022375295	11644.424970536253	11389.568193734738	11071.795101419535	11646.497087083397	11854.3266820847	11651.59060033289	12093.748573563666	9256.405372176816	9042.633663790719	9500.852678036445	9256.405373349558	9042.633662881652	9500.852677076957	0.1275
MNAR	0.26052631578947366	lin	mse	0.009596110046776306	0.009503702597063065	0.009692197425184654	386229928.81041205	371503647.7776034	399703439.1749166	386412686.78491396	371458710.67440003	399950198.868294	451392867.1988401	438077324.51970744	465876696.049929	335997515.93812734	328509214.05889344	345969941.5588526	335997515.9469155	328509214.21720773	345969940.5635216	0.1275
MNAR	0.26052631578947366	lin	rmse	0.0979574324339821	0.0974869354917002	0.09844895670592202	19648.183257607572	19274.339311305383	19992.584141363495	19652.831787000803	19273.16331876232	19998.75493051276	21242.721046638602	20930.292322193396	21584.176964319166	18325.456730005295	18124.823014233465	18600.241363500983	18325.4567302475	18124.82301859991	18600.241336769588	0.1275
MNAR	0.2868421052631579	lin	ev	0.9999999999986021	0.9999999999985831	0.9999999999986191	0.9380685921935501	0.936719880899084	0.9394972935010425	0.9380423066959076	0.9367365293192595	0.9394755311341991	0.9278239009756157	0.9265162088936254	0.9294563574238376	0.9457293954834715	0.943618684615133	0.9474437853523253	0.9457293954798814	0.9436186846147753	0.9474437853500607	0.14064000000000002
MNAR	0.2868421052631579	lin	mae	0.07815367812165992	0.07768180404456537	0.07868372674234336	12397.502439347692	12209.75966365309	12621.263558284993	12399.812341354695	12215.050679093001	12622.002650156803	12886.251472516184	12696.742618468536	13097.063663894816	10098.152650633545	9881.062741186055	10278.956151215934	10098.152649112604	9881.062735850111	10278.95614964137	0.14064000000000002
MNAR	0.2868421052631579	lin	mse	0.009569360748627206	0.009462079914428947	0.00967170311360664	423078150.3955437	413063256.4429834	432662182.36197	423257106.49727064	413312325.5005435	432627524.4499258	493051247.9542528	481169361.43114936	503777132.4788051	370717942.91513693	358084188.6754815	382856740.16464376	370717942.94005114	358084188.7315308	382856740.1445266	0.14064000000000002
MNAR	0.2868421052631579	lin	rmse	0.09781955527019949	0.0972732201146197	0.09834480656164815	20565.9240483036	20323.952506422174	20800.53261617049	20570.300897542682	20330.080384998022	20799.699725136983	22201.944356233333	21935.572859614855	22444.979892047166	19248.633517675273	18923.11153230629	19566.7047263533	19248.633518358438	18923.111533787665	19566.704725840067	0.14064000000000002
MNAR	0.3131578947368421	lin	ev	0.9999999999985972	0.9999999999985831	0.9999999999986158	0.9329282332967413	0.9321275062507357	0.9337241813594943	0.9328959008650446	0.9320803699996454	0.9336637611227229	0.9222185817740614	0.9209137714684001	0.9233406181575068	0.9405927324066474	0.9386607640112602	0.9419508523447109	0.9405927323980963	0.9386607639818589	0.9419508523513068	0.15327999999999997
MNAR	0.3131578947368421	lin	mae	0.07830480338751779	0.07791018999134366	0.07879313402258338	13394.585836110904	13244.788856741467	13590.817373023187	13397.277538278779	13259.243392564524	13593.756934132025	13909.305243017703	13704.445737892363	14112.235399432167	10910.79825775243	10711.897224586364	11116.03449851969	10910.798257612672	10711.897219317785	11116.034498452389	0.15327999999999997
MNAR	0.3131578947368421	lin	mse	0.009588746562605884	0.009484845296402743	0.009705471271292544	458188404.430193	451279523.7771369	468558425.749316	458408814.6486069	451831631.12585026	468716535.91176295	531379342.14596415	522164223.48793155	542234483.6979731	405872623.1645276	395358871.1930127	421670772.33009464	405872623.2230503	395358870.8256228	421670772.30333	0.15327999999999997
MNAR	0.3131578947368421	lin	rmse	0.09791862703447482	0.0973901702922273	0.09851635027265329	21403.27995486468	21243.34068459222	21646.209696839003	21408.452103032898	21256.33142797145	21649.862219943614	23048.775934186266	22850.90811596888	23285.92868025377	20140.793583186445	19883.630502185762	20534.62349317159	20140.79358461882	19883.630492943383	20534.623492519808	0.15327999999999997
MNAR	0.3394736842105263	lin	ev	0.9999999999985936	0.9999999999985741	0.9999999999986116	0.9273966175299185	0.9260403355725615	0.928703304238323	0.9273531391879634	0.9260122895955791	0.9286822915276038	0.9157399989598719	0.9137880207077647	0.9175659275877908	0.935646428594308	0.9332053751840803	0.93774716538136	0.9356464285879538	0.9332053751923095	0.9377471653733478	0.16586
MNAR	0.3394736842105263	lin	mae	0.07826273715470115	0.07781453033228117	0.07871932561498743	14422.44396825449	14200.62497710592	14657.156536822937	14427.12098457254	14203.013221577605	14666.160089179552	14981.218604460859	14760.317575232082	15210.824575173052	11649.497367972755	11414.530781774947	11847.041017062431	11649.497368246735	11414.530782026735	11847.04101720079	0.16586
MNAR	0.3394736842105263	lin	mse	0.009580328149435928	0.009502409667288832	0.009674484643576432	495994887.5979529	489454124.0528009	504927835.79889524	496290599.9561676	489751892.1018468	505205156.30283403	575645374.2109061	563040978.3440605	589163549.2000719	439598511.35416764	422630488.49623907	453887873.535375	439598511.3975087	422630488.4407582	453887873.6358514	0.16586
MNAR	0.3394736842105263	lin	rmse	0.09787626937632087	0.09748030362324234	0.09835895810028103	22267.73478907161	22123.60582192246	22470.599195551575	22274.418272537823	22130.337160296614	22476.767508292705	23988.859317883238	23728.479012905726	24272.689073775826	20959.849003412808	20557.940204383627	21304.643006525115	20959.849004431126	20557.940203037113	21304.64300888439	0.16586
MNAR	0.3657894736842105	lin	ev	0.9999999999985983	0.999999999998579	0.999999999998618	0.922747236352806	0.9213035983355358	0.9242845791017956	0.9227121202724698	0.9212861756576889	0.9242473147400498	0.9102496983145979	0.9083864908718327	0.9126745350176904	0.9306815344760637	0.9283376322819415	0.9328711464315508	0.9306815344799643	0.9283376322920314	0.9328711464704885	0.17908000000000002
MNAR	0.3657894736842105	lin	mae	0.07830879896947325	0.07805012975725616	0.07867999871675838	15306.427666389358	15064.155018787153	15565.91181874959	15309.635887591845	15063.558428919894	15560.70368318069	15928.067980058047	15610.05119804641	16201.012166962566	12394.76943622085	12177.15091190813	12641.20654594542	12394.769436346889	12177.150908779302	12641.20654406467	0.17908000000000002
MNAR	0.3657894736842105	lin	mse	0.009600428917520594	0.00952774280947915	0.009694512392435592	527768280.1159148	517845083.8432921	540016861.7515988	528009319.9959477	518080257.03207684	540855366.5057564	613146897.9410584	599427597.9582522	627874269.4186127	473546917.9988167	458088793.54907084	492337821.895434	473546917.9722084	458088793.52238584	492337821.96083003	0.17908000000000002
MNAR	0.3657894736842105	lin	rmse	0.09797843332665497	0.0976101569736533	0.09846071482370172	22970.196519647154	22756.207530323125	23238.262845714744	22975.47078657812	22761.375580715463	23256.29659875098	24758.694068789893	24483.21024891093	25057.412554307542	21755.462121445813	21403.00747206993	22188.684333667752	21755.46212085448	21403.00747144623	22188.684335142243	0.17908000000000002
MNAR	0.3921052631578947	lin	ev	0.9999999999986009	0.9999999999985768	0.9999999999986326	0.9179189342887615	0.9165955812651667	0.9191759643067214	0.9178763637674208	0.9165346215846577	0.9192153193210391	0.9048840308422984	0.9024958714016906	0.9065731469712641	0.9256387260189277	0.9238890822006401	0.9271094251107157	0.9256387260094379	0.9238890822304284	0.9271094251225389	0.19154000000000007
MNAR	0.3921052631578947	lin	mae	0.07820188808757854	0.07771959269818972	0.07874128228935647	16209.10316278961	16072.149505398644	16349.039646365196	16212.568175221093	16074.330938202671	16354.953495117192	16872.792388200207	16739.55984320087	17066.268386652773	13155.182591441953	13035.782170786126	13348.878349946031	13155.182591983876	13035.782168300902	13348.878350920737	0.19154000000000007
MNAR	0.3921052631578947	lin	mse	0.00956711922836594	0.009447402569908897	0.00969019741352265	560688289.9509017	550186423.5900743	568291606.485109	560979281.1475846	550865421.0033916	568944591.6923583	649712057.0443791	639872214.1661323	663021267.872027	508040135.2506137	497835685.799358	520259935.2827784	508040135.31389344	497835685.7766497	520259935.2670715	0.19154000000000007
MNAR	0.3921052631578947	lin	rmse	0.09780764896478482	0.09719774967429931	0.09843878377076949	23677.114597889755	23456.050172446277	23838.867549331953	23683.26315642997	23470.519577175524	23852.559230718067	25487.447896622856	25295.691107630166	25749.199354106997	22534.92555177189	22312.230942409005	22809.204168016295	22534.9255532395	22312.23094190025	22809.204167671127	0.19154000000000007
MNAR	0.4184210526315789	lin	ev	0.9999999999985931	0.9999999999985693	0.9999999999986181	0.9129365930609752	0.9119400529063744	0.9140767072064735	0.9128871442781847	0.9119298577240521	0.9140674789813237	0.8987480660229333	0.8973071634316233	0.8998478739988106	0.9209524799501834	0.919134785168636	0.922568606492486	0.9209524799602087	0.9191347851586356	0.9225686064972103	0.20474
MNAR	0.4184210526315789	lin	mae	0.07837933041685352	0.07790841362182918	0.0789640629519432	17121.09899800035	16956.487742310102	17305.50824027029	17125.22971012218	16962.848538093716	17308.506738242824	17874.58698590839	17720.928236069332	18049.45327838316	13848.998085252777	13616.135931266466	14083.58465994129	13848.998084255383	13616.135931116645	14083.584660101398	0.20474
MNAR	0.4184210526315789	lin	mse	0.009597629687797126	0.00947214975980595	0.009721582105722661	594758415.4189748	585739889.9712491	604696369.7592304	595095240.2610152	585818855.2592169	604924275.8539522	691680412.6555005	681123402.1688462	702799710.7085439	540060137.3278694	525965320.70875204	553049009.4403089	540060137.2594064	525965320.780525	553049009.3735489	0.20474
MNAR	0.4184210526315789	lin	rmse	0.0979634568867171	0.09732496767502982	0.09859808332414448	24385.980895637902	24202.035569250496	24590.57390076232	24392.88896125391	24203.656227777614	24595.203042537665	26298.00960513453	26098.34057536804	26510.36737918794	23234.054844439914	22933.905850117793	23516.993977328162	23234.054842958823	22933.90585168563	23516.993975908834	0.20474
MNAR	0.44473684210526315	lin	ev	0.9999999999985963	0.9999999999985704	0.9999999999986202	0.9081158261414746	0.9070115346203775	0.9091205732217464	0.9080611139708507	0.906929983140778	0.9089737840113623	0.8930379336302433	0.891923333204159	0.8943302024504111	0.9157745008144518	0.9135174418970546	0.917457906045514	0.9157745008191709	0.9135174419112244	0.917457906028059	0.21764000000000006
MNAR	0.44473684210526315	lin	mae	0.0781906137657264	0.07749796744975143	0.07867649018038868	17972.500136822102	17774.399473129044	18120.425373972867	17977.44379129484	17773.006792726934	18116.97728308796	18794.786486522866	18583.60419862942	18991.902949619107	14612.549643839344	14403.005699814654	14775.669792988714	14612.549643308032	14403.005700366042	14775.669794299607	0.21764000000000006
MNAR	0.44473684210526315	lin	mse	0.009559710465645454	0.009427717607506861	0.00971087077321503	627663559.59134	620881960.0715086	635694125.2511361	628037333.2954421	620773588.0091236	636430716.5683377	730688441.6403006	718857897.3170943	741249524.9708931	575340457.3870314	561936665.6756481	587034841.8465928	575340457.3543732	561936666.057435	587034841.8376946	0.21764000000000006
MNAR	0.44473684210526315	lin	rmse	0.09776888527515805	0.09709641121445203	0.09854373582891929	25051.593392146788	24917.503082003273	25212.975294244065	25059.080803105968	24915.326681766157	25227.578317722888	27029.61159996379	26811.514193414972	27225.896324002533	23982.858427086914	23705.201204082587	24228.800984719885	23982.85842640842	23705.2012121379	24228.800984536276	0.21764000000000006
MNAR	0.47105263157894733	lin	ev	0.9999999999986028	0.9999999999985673	0.9999999999986426	0.9047606725379326	0.9033370972430141	0.9061692941732744	0.9046926239867186	0.9031994933957325	0.9059951124588856	0.888528612628993	0.8870536512164691	0.8896936341621825	0.9117020711988456	0.9097075839086207	0.9135528810152371	0.9117020711966178	0.9097075839124988	0.9135528809951146	0.23028
MNAR	0.47105263157894733	lin	mae	0.0782335232478857	0.077490049322961	0.07893411341816886	18617.235069375376	18405.721016694915	18805.01323054163	18623.995030292564	18410.569401238597	18815.804367175035	19561.521008377716	19368.763477175155	19732.167634998757	15196.714574130105	14980.951230984243	15422.476633401226	15196.714574552598	14980.951230441487	15422.476631164864	0.23028
MNAR	0.47105263157894733	lin	mse	0.00957193340784151	0.009446842639491014	0.009709757910493468	650592181.5080147	637409083.539912	662714723.2991662	651056851.7648327	637614611.7716454	663403848.3962363	761487727.1500584	747880833.7603563	774768713.958772	603190159.1361941	590911862.1500195	619223348.7367414	603190159.1518159	590911862.3957472	619223348.7556657	0.23028
MNAR	0.47105263157894733	lin	rmse	0.09782994539613257	0.09719486916234112	0.09853809530246216	25504.731122131456	25246.957591357328	25743.2461666658	25513.850977572496	25251.027257701884	25756.626946095035	27592.94382185494	27347.40984977493	27834.667472117755	24556.475248939703	24308.678362520885	24884.16547470035	24556.475249242732	24308.678367574335	24884.165475081485	0.23028
MNAR	0.4973684210526315	lin	ev	0.9999999999985991	0.9999999999985799	0.9999999999986308	0.9006433960382756	0.8993190790990243	0.9018571368108085	0.9005695605507148	0.8992547952114051	0.9018118163404168	0.8834038223180903	0.8815670084003722	0.8847634801233404	0.9070530100937847	0.9048434565932205	0.9094474071826757	0.9070530100973454	0.9048434565918939	0.9094474071701031	0.24280000000000002
MNAR	0.4973684210526315	lin	mae	0.0781661595018589	0.07769288253733278	0.07879016320567392	19360.71931474148	19207.33895581966	19501.061328764314	19368.791252398405	19221.004257600936	19506.323272122565	20372.931877629107	20217.87616740021	20497.894590960685	15875.76967915399	15610.758657631544	16075.220987750685	15875.769678153507	15610.7586583121	16075.22098793161	0.24280000000000002
MNAR	0.4973684210526315	lin	mse	0.009569621285951334	0.009426545093472696	0.009704870895899723	678678129.0475605	669755509.6322198	688894694.6237302	679183195.6907403	670535707.8626578	689652482.8060257	796496263.7718915	785508070.0155237	808709615.6886437	634925443.6508487	617070052.0079563	648862727.1544273	634925443.6265796	617070051.8510529	648862726.9871037	0.24280000000000002
MNAR	0.4973684210526315	lin	rmse	0.09781727639576596	0.09709039467661325	0.09851330281804535	26050.438326308948	25879.634579717276	26246.803389402263	26060.157088067528	25894.70273959406	26261.23470887546	28220.64191471333	28026.898068366216	28437.816700843483	25193.08697404846	24840.892869710562	25472.78374831384	25193.086973561738	24840.89286655307	25472.783745029137	0.24280000000000002
MNAR	0.5236842105263158	lin	ev	0.999999999998597	0.9999999999985636	0.9999999999986258	0.8961612678647742	0.8950593628638195	0.8972503427445244	0.8960672396410786	0.8949573042422723	0.8971035300633784	0.8781155431516394	0.8767893550092083	0.8800975453521724	0.9007165677007082	0.898125126424387	0.9029058151658659	0.900716567705446	0.8981251264237017	0.902905815178243	0.25601999999999997
MNAR	0.5236842105263158	lin	mae	0.07818510587406957	0.0776492022591509	0.07879983232908042	20072.36484167866	19920.736826076198	20224.28692768426	20082.078945487847	19928.75289776843	20235.606721188156	21181.39528196462	20993.05188715831	21338.08737522883	16643.273329222506	16375.195920695616	16860.49552972269	16643.27332917583	16375.195921632789	16860.495533562836	0.25601999999999997
MNAR	0.5236842105263158	lin	mse	0.00954834776678372	0.009489794932557104	0.009669742212671976	709360046.0610868	701835829.5284226	718475877.6445571	710003931.8010689	702402577.5794883	719391760.9007952	832653739.6201671	822009366.1766962	845212118.8969644	678174806.5822903	661016437.8501582	693899084.7388954	678174806.5503305	661016437.842847	693899084.7311429	0.25601999999999997
MNAR	0.5236842105263158	lin	rmse	0.09771041566501343	0.09741557644441687	0.09833484738679699	26632.585071222984	26492.184259947084	26804.40033299028	26644.67848660931	26502.878660677638	26821.478258385745	28854.33652435228	28670.704978930276	29072.51591083924	26037.947389913053	25710.23620167632	26341.964311257434	26037.947389302713	25710.236201534244	26341.964311110303	0.25601999999999997
MNAR	0.55	lin	ev	0.999999999998598	0.9999999999985744	0.9999999999986228	0.8931943768949266	0.8921692700459731	0.8941459319818732	0.8931051690376439	0.8920322757041388	0.8940511859479388	0.8734544903648025	0.8718979016426551	0.8750908848538838	0.8963942020478632	0.8940497928559998	0.8987605668414829	0.8963942020440127	0.8940497929052122	0.8987605669405384	0.26936000000000004
MNAR	0.55	lin	mae	0.07804552160805794	0.07752969723100285	0.07874496820591118	20650.178852716912	20459.814413517397	20795.151283209212	20659.871869464696	20476.0790214236	20803.667047567815	21950.272315278555	21733.620670681103	22155.02173770834	17314.182968590776	17179.241698167803	17502.23338490237	17314.182968005585	17179.24170146222	17502.23338283016	0.26936000000000004
MNAR	0.55	lin	mse	0.009535775779401191	0.009433015872286343	0.009668033807460882	729630721.1879153	718417295.9170213	738711319.3464932	730239163.7200426	719744238.6963401	738534365.2700316	864528363.9168283	848950452.615324	877998165.6950933	707794249.9814811	692070603.2347846	727559717.1453594	707794250.0077187	692070603.2322397	727559717.0734814	0.26936000000000004
MNAR	0.55	lin	rmse	0.09764506330036175	0.09712370578713625	0.09832616031998564	27010.556171945158	26803.307483392917	27179.244124180186	27021.842782660282	26828.04869336057	27175.988602545196	29401.24528324514	29136.754139379475	29631.03382046064	26600.766175539382	26307.23376826352	26973.31279859736	26600.76617602806	26307.233768214788	26973.312797263246	0.26936000000000004
