missing_type	missing_rows_proportion	model	evaluation_metric	drop	drop_lower	drop_upper	mean	mean_lower	mean_upper	median	median_lower	median_upper	random	random_lower	random_upper	regression	regression_lower	regression_upper	stochastic	stochastic_lower	stochastic_upper	missing_cells_proportion
MAR	0.05	lin	ev	0.02562724515522987	0.016467304442193187	0.03422350487473383	0.025024359486717794	0.0156220895873799	0.033981107600997845	0.024985491415603144	0.01604550025265719	0.033854889895007706	0.023908138021140602	0.014454208295400783	0.03163977467937973	0.024964623890953663	0.01558556536367342	0.03397742575386481	0.023817238156129062	0.013994027884870586	0.03288309701674577	0.021599999999999998
MAR	0.05	lin	mae	19.95801144533632	17.99480207081939	23.89067882211861	19.679046878576628	17.740250244137233	23.16562431947156	19.687999424226852	17.74377603256126	23.149963207413943	19.704892356319235	17.7176139441762	23.13837630621937	19.681841890791326	17.745999105104318	23.17222610020025	19.776614136173688	17.898571899143086	23.233207287736775	0.021599999999999998
MAR	0.05	lin	mse	4273.934106135442	2950.6865572609768	6224.7362069395185	4140.725152034935	2844.7051734141733	6009.942220296736	4140.734133522665	2845.032823351333	6009.426307945368	4145.266375933611	2848.6998382557413	6014.426809451779	4140.893060548964	2845.037821154776	6009.303908080769	4145.585583618886	2849.3843890704375	6014.981938631102	0.021599999999999998
MAR	0.05	lin	rmse	62.22080611183475	53.702014762087515	78.89650171320764	61.21195142834781	52.74130055872263	77.52272146896738	61.212287124334765	52.74450309808847	77.51939932282814	61.2462303793824	52.78262758219097	77.5517048894601	61.213408501446466	52.7443275275522	77.51861120233481	61.24902083749671	52.787347928228414	77.55515737835842	0.021599999999999998
MAR	0.07631578947368421	lin	ev	0.025938386254218505	0.01716345607332706	0.03532733340439134	0.02520455394850659	0.017123833053892007	0.03515362706783445	0.0251868608517538	0.017288989644957148	0.0347805148077166	0.023445728023386368	0.01552860234144654	0.03259992375892426	0.025233295285901947	0.01701257268310455	0.03494671962390733	0.02446995504965841	0.016121461260760334	0.03338495237727837	0.030799999999999994
MAR	0.07631578947368421	lin	mae	19.97417104864214	17.493494514787315	23.906674657611486	19.721348998690598	17.772927250372394	23.26947268191903	19.723049595973272	17.77452334117477	23.266694978076703	19.777779577223946	17.808632775292256	23.302219160620417	19.71325958562653	17.775791548070124	23.260309355044534	19.698808457120393	17.848363556375674	23.36628307763484	0.030799999999999994
MAR	0.07631578947368421	lin	mse	4326.406338561038	2882.8052774144753	6317.661916629432	4141.391206824441	2842.11269227916	6011.724009234343	4141.445438499841	2843.8795903764394	6011.773206698025	4147.965993165048	2848.2732366412647	6016.021069225426	4141.625333392613	2841.6451069341792	6011.666734452467	4144.525432959859	2838.5806662938926	6022.659159346287	0.030799999999999994
MAR	0.07631578947368421	lin	rmse	62.4941150129182	53.024106049912504	79.4824162426124	61.21245329023608	52.71114484230142	77.5344263233934	61.21319129743504	52.72969161517565	77.53474203920982	61.26326752346555	52.770000972924194	77.56214947281711	61.2132836518722	52.706411924402246	77.53406599454695	61.23445103844458	52.67581219036961	77.6047350657972	0.030799999999999994
MAR	0.10263157894736842	lin	ev	0.025867097790300865	0.020406887445443528	0.032345280448838276	0.02155947108488836	0.014369216599102452	0.028543637930749294	0.02163062682940118	0.01448873900131048	0.02829448404719187	0.010862976567405879	0.011395631704869763	0.026226096150011508	0.021662434222491776	0.014471521449073987	0.028695079960420505	0.01664963718349336	0.009636491302014966	0.027233040760077987	0.043199999999999995
MAR	0.10263157894736842	lin	mae	18.84460999021745	16.942835565994894	21.10359960178959	19.38433012904603	17.606806843421175	22.884492970626876	19.438998776153674	17.61398902747515	22.96537489575562	19.76556841364573	17.36752844048827	23.86231391857995	19.387690583697683	17.64864128500907	22.884553029025284	19.555497162191273	17.897601402322465	22.974201655984675	0.043199999999999995
MAR	0.10263157894736842	lin	mse	3793.131574353124	2433.9964280804475	4834.879433375627	4164.242362110693	2859.855966400396	6031.221162069433	4163.971490726959	2860.0573862313413	6033.314236016218	4227.156083655544	2862.0661249610916	6175.502409560297	4164.075679228123	2858.558439321594	6031.273006092848	4191.0558683779755	2866.125703190763	6083.555009751302	0.043199999999999995
MAR	0.10263157894736842	lin	rmse	58.6179163761485	49.33319262704739	69.53259809719859	61.36133510730017	52.8966092815467	77.66089630993886	61.359206078597154	52.89866476711926	77.67437366880249	61.76534028295854	52.91872482528248	78.58314882952122	61.35937448000946	52.883274978280326	77.66122835985686	61.54056008034176	52.96077484487873	77.99699745694636	0.043199999999999995
MAR	0.12894736842105264	lin	ev	0.02639018680665748	0.016478605984936584	0.03677386606460323	0.023977113793533934	0.014120570503724617	0.03448504759110721	0.024450896279129598	0.014563363103485771	0.03471404632245398	0.02089055644853024	0.013686367083170614	0.0295795400201605	0.0240642080245397	0.014112721823457186	0.034453085668704087	0.022019704788542184	0.013176459312395777	0.032053701333532914	0.057300000000000004
MAR	0.12894736842105264	lin	mae	19.622900217009068	17.87438317821705	22.54874170123444	19.567207368735797	17.69235673410101	22.51405613378152	19.606978001439064	17.69040939999854	22.59190599880216	19.698209208045547	17.831145203163942	22.723006292850858	19.569180831156434	17.68350656556165	22.52820442081498	19.655056971747193	17.775925882904865	22.78460747218164	0.057300000000000004
MAR	0.12894736842105264	lin	mse	4295.79426853332	3093.7695062708744	6082.652939119855	4151.827095037346	2846.2982109312998	6067.009079067376	4150.167391545479	2846.7498670955442	6065.2240654234665	4164.895788157574	2866.0106602514206	6080.528600451224	4151.607038658001	2846.743431570475	6067.836442488915	4162.731719937178	2847.7589175172725	6077.324776122166	0.057300000000000004
MAR	0.12894736842105264	lin	rmse	62.30042966789919	55.054761806152996	77.86685128277128	61.27531877874942	52.75357587755003	77.88945985445599	61.26265374511678	52.759479940278304	77.87802229860124	61.37229825243154	52.95599365417671	77.97537062489081	61.27359705633889	52.75855577393836	77.89472499807957	61.348168716902954	52.767159673468065	77.9558717960177	0.057300000000000004
MAR	0.15526315789473683	lin	ev	0.024718830275382696	0.016583086873976333	0.03343607480405028	0.022682310291583928	0.015856863384357628	0.03096557426547411	0.02331634204613623	0.0160856166749338	0.03084344350076834	0.01370777169456785	0.013976249211944847	0.02672212327665832	0.022631053450917482	0.015928939111376383	0.0307487915979002	0.0196409473159036	0.014548628487822124	0.027744245893993574	0.06470000000000001
MAR	0.15526315789473683	lin	mae	19.824127221622074	18.535361453847308	24.310739666148855	19.665842013212046	17.797647460405443	23.13611242016113	19.684733927617252	17.802013386710343	23.147272430562253	19.802787539294112	17.959438005160358	23.037757589198762	19.670063314243173	17.80261019983052	23.124526023646723	19.719465822819956	17.75991204803108	23.062102588561512	0.06470000000000001
MAR	0.15526315789473683	lin	mse	4466.303678491674	3121.2900434700637	6463.95256308985	4145.520647706922	2843.2333639467342	6014.408740579391	4145.018884860122	2843.911037847501	6014.593574408133	4165.996727313168	2861.532897474532	6021.0308521384695	4146.045139748738	2843.5202135511277	6015.508391195548	4154.4244046401645	2839.406130458321	6020.1086992625	0.06470000000000001
MAR	0.15526315789473683	lin	rmse	62.94042909496915	55.31776108020767	80.3986108948672	61.25720026863864	52.73182154119056	77.55180248723549	61.24870118666801	52.7397757742267	77.55299292774764	61.4449180439409	52.914292903843574	77.59455107200618	61.26028148444904	52.73592701171074	77.55888367702745	61.32939038642085	52.686586800380795	77.58850469600733	0.06470000000000001
MAR	0.18157894736842106	lin	ev	0.028311269835126364	0.02092454894886231	0.03665228728414932	0.02137900022517437	0.01446068541866849	0.03221166155236879	0.02183359754829569	0.014648615005612847	0.032488992908098396	-0.001823598439244789	-0.00809138850252411	0.028836815399759658	0.021438381468322477	0.014671647179524488	0.0321791108814895	0.010995342509013895	0.009980293125112977	0.028446164038834737	0.0778
MAR	0.18157894736842106	lin	mae	18.70867620434852	13.964957057509668	21.983702674806114	19.44567291973945	17.525013634806207	22.558355472967133	19.49631757498604	17.573341108783392	22.715322998230416	20.34041304509771	17.51751932861692	24.825376244542397	19.4615497514973	17.5498213548754	22.56537231309854	20.044699659289943	17.773476143837613	24.015838491140343	0.0778
MAR	0.18157894736842106	lin	mse	3756.1777078845116	1245.5717352873148	6087.920965801862	4161.60095649272	2842.735980592238	6101.766851122969	4159.78179093055	2844.587402723761	6097.357335403839	4263.614050993208	2859.163440782482	6120.437556927312	4161.634311511197	2844.081003436844	6101.2326949366	4210.947181246647	2852.465392868484	6122.054612900348	0.0778
MAR	0.18157894736842106	lin	rmse	56.830419681473096	34.251202704683536	77.92708684099759	61.35050723742255	52.72401276192166	78.11121143887019	61.337239744362435	52.743049806434776	78.08285061731308	62.078245967780994	52.88781248125483	78.22929539642104	61.35030253522085	52.73749247791126	78.10778321260574	61.696379947966214	52.82153109784189	78.24156110503262	0.0778
MAR	0.20789473684210524	lin	ev	0.023853148911652477	0.01760191906074607	0.02719134938411441	0.014195650023410755	0.013190762192813038	0.01661549648286645	0.01444875196033123	0.012255063226418977	0.017583746141371814	-0.00633342118610658	-0.01648027171885813	0.011466880561029485	0.014197841334837735	0.013157502380675201	0.016431183799315463	0.0055575581471236975	0.0030433970826523604	0.012062182924480969	0.09399999999999999
MAR	0.20789473684210524	lin	mae	17.65227179371484	13.908850766840429	21.09626318430535	19.010592204058533	16.99557751442924	21.87500216065459	19.094963825447056	17.15801722081258	21.98704260412917	20.037581045631512	17.398220559261937	25.17865942504943	19.007221787367378	16.99001633856414	21.8859643602671	19.570105705654655	18.127247886135816	23.145143517916594	0.09399999999999999
MAR	0.20789473684210524	lin	mse	3324.931718130773	1212.9295363595827	5127.940213432676	4194.581047787125	2899.4966433722348	6099.013341601671	4194.333759836883	2895.481920931595	6104.601820898879	4309.681681231119	2931.1415639173756	6399.607077865118	4194.641974952009	2899.2721896311214	6098.616803373979	4238.928388781295	2905.2908741048423	6267.95410345382	0.09399999999999999
MAR	0.20789473684210524	lin	rmse	54.25573347437758	33.53575843440271	71.6093418060153	61.58732615455557	53.307288892113405	78.09555451311823	61.58263114225076	53.26584933600626	78.13111413556861	62.340489677339725	53.62322181680882	79.99467377529507	61.587607971533956	53.30612261967768	78.09302095385458	61.88503882553535	53.36269165178765	79.16789069166391	0.09399999999999999
MAR	0.23421052631578948	lin	ev	0.0328461398007732	0.02939814221172521	0.0403190319322414	0.0223268500842	0.013038176472844692	0.035553566549208326	0.0239038452850898	0.014920603633512164	0.03536200638109899	0.0061443169596250066	-0.010484453341316147	0.03080331953767157	0.02227841067634192	0.01316459281325491	0.0351971148772956	0.010162925591247507	-0.004632720956856018	0.02697966491088344	0.0989
MAR	0.23421052631578948	lin	mae	18.589352188597083	13.26940819531277	24.717437871299502	19.528191977820093	17.790089871597363	22.897733155887476	19.60689062314703	17.84634390528158	22.97593817022034	19.979158486893883	17.863361368679413	24.080938729050132	19.513647041615098	17.79892154396927	22.85815811399594	20.06776019942245	18.275773178859637	23.2667724142622	0.0989
MAR	0.23421052631578948	lin	mse	3834.1772752785946	997.7775379041944	6612.9527467032485	4157.236947203472	2847.074840900912	6081.080440626735	4154.478283937372	2844.6638834097394	6082.3043956754445	4220.959530517121	2872.2712082433454	6099.437837441318	4157.995791006065	2846.610934072486	6083.266842615	4197.39502433854	2890.2420416217096	6099.126214736134	0.0989
MAR	0.23421052631578948	lin	rmse	55.99584187563501	29.390875006924208	81.19106268603362	61.31881253731136	52.72989429635836	77.97828436175939	61.28903718122625	52.715859616385956	77.98608508456964	61.78704457538826	52.94279344060306	78.09593566137795	61.322988866814214	52.725567812756715	77.99247371016958	61.64352951763824	53.13461616856456	78.09425352393603	0.0989
MAR	0.26052631578947366	lin	ev	0.024465248723256026	0.015300421281867621	0.03346565349761785	0.014214582894322935	0.005275421011099152	0.022916653050407243	0.01589831472741283	0.008079667907064048	0.02404053420269711	-0.013821165215617826	-0.008488937636100868	0.011920164391478194	0.014343960186867077	0.005457931560168633	0.022907749757605927	-0.001663009843504859	-0.022781207688051475	0.011663957879454068	0.1155
MAR	0.26052631578947366	lin	mae	16.73970981823994	12.441600345044602	20.22567956865185	19.04387951617479	17.246394949166476	21.98037473677656	19.111512482814533	17.340150682836004	22.165639598228825	20.26645514419772	17.595045592715394	24.585632759198596	19.042825279615776	17.25307603013383	21.996525894539236	20.049401993899593	17.679118275424393	23.25775055893707	0.1155
MAR	0.26052631578947366	lin	mse	2938.866787815831	733.5337226837455	5133.160486890147	4203.283561879574	2853.749178223172	6117.859731551426	4194.807866355333	2854.9342935080986	6108.3153379877895	4329.3059811731455	2858.1657910936283	6153.094316826356	4202.84590088391	2853.262301431342	6116.0802682077765	4281.94173007603	2871.802971121929	6165.934028343562	0.1155
MAR	0.26052631578947366	lin	rmse	48.918816423397175	27.05810165794687	71.64600031774252	61.62597750980626	52.83895211438464	78.21568946411878	61.56782243020494	52.85164961048417	78.1546567483626	62.51940870748696	52.8743935965351	78.44166149788052	61.62244493491919	52.83353253357535	78.20435836080539	62.17107539458294	52.98829751284758	78.52343157736496	0.1155
MAR	0.2868421052631579	lin	ev	0.027749873135361668	0.022184069875060275	0.033850654672449076	0.024580393470293792	0.019655764073256976	0.028911146358637008	0.024672945742795903	0.01961012743553267	0.028869084750350243	0.018479065020883766	0.013394622062114059	0.027059000594895105	0.024918494466257258	0.019816926029864318	0.028795766101678333	0.020462955103484736	0.01842003917874646	0.02453895033899134	0.1275
MAR	0.2868421052631579	lin	mae	20.804779193833006	18.654343086544873	24.537662216154544	19.69275414920198	17.722672404689252	23.045455728477943	19.730752576272867	17.718155063870988	23.19930425018834	19.602679611226183	17.866182906486557	22.545803957236455	19.711413172609277	17.74249587478957	23.084696279672155	19.730277775189883	17.956559431939	22.993945757353227	0.1275
MAR	0.2868421052631579	lin	mse	4959.079384152644	3364.152074601672	7093.820561615563	4146.660028767317	2835.695354536332	6014.68950212887	4146.582314317833	2835.7755237979964	6011.829737595204	4168.4530966630455	2866.744172186358	6054.7411364454865	4146.031185620016	2835.455413384848	6014.4566427005775	4162.116143235579	2853.755933880296	6041.097647808232	0.1275
MAR	0.2868421052631579	lin	rmse	66.84443441982059	57.347031915059134	84.22086927225872	61.24112692562661	52.636905251912026	77.55379951578209	61.23981837694588	52.63865328267818	77.53540071749595	61.4152961513811	52.94799986407818	77.81095208855005	61.234566731996665	52.634894973666974	77.55228981413467	61.359817719523335	52.82152080249591	77.72369760832967	0.1275
MAR	0.3131578947368421	lin	ev	0.025198413312747615	0.016624623893101875	0.03640844018631634	0.01386114829604398	0.010491213572291574	0.015094813108531419	0.016721445853217488	0.012435895366855632	0.021221622994064465	-0.012066145677487528	-0.03256056558764375	0.005555648403728519	0.013884724582198416	0.010248924367727091	0.015309852075173741	-0.0038038948100487247	-0.011891779443279515	0.011215935045248121	0.1416
MAR	0.3131578947368421	lin	mae	16.640995580909404	10.361078470653798	21.287486225664125	19.11565055313242	16.8210660364025	21.649716199378332	19.255675851572686	17.130468660458604	21.824155638453263	20.579857916923928	18.3579761108577	24.61284755268103	19.106395630047196	16.805951778170428	21.661498697979855	19.823825482977657	18.164767548031044	23.377872610273222	0.1416
MAR	0.3131578947368421	lin	mse	3416.753860717393	533.5060390536457	5520.293047062112	4197.983201772974	2900.4832124682293	6117.059787101513	4189.686382305523	2891.9231060904062	6119.317263620042	4307.163771227717	2939.5878515648337	6387.916168207566	4198.253896982915	2900.3292427254155	6116.848389440164	4243.007402313748	3015.8586117722816	6170.384046610787	0.1416
MAR	0.3131578947368421	lin	rmse	52.308380435754046	23.09066826312406	74.29413708108284	61.6087810595438	53.31414501896309	78.21077214866585	61.53892139909019	53.22910189845406	78.22516279000905	62.386029183843064	53.67681680539886	79.92244588596493	61.609872652684636	53.311841905016934	78.20944938852077	62.016745962310225	54.47408932758971	78.55127547700852	0.1416
MAR	0.3394736842105263	lin	ev	0.028965027575501123	0.016900590963084217	0.03891791477668677	0.0213835241766235	0.012851171958915886	0.032435279635489866	0.02188592028478207	0.011774299895341761	0.03302383848805707	0.009632358067351132	0.004264941244893405	0.02500611219082427	0.021773721287474845	0.012900357370058235	0.033051634654143264	0.017044422099405997	0.00647052667872236	0.02506220807976489	0.1504
MAR	0.3394736842105263	lin	mae	19.826116201125394	16.487127475503254	22.25777804472251	19.429957655274706	17.508677504432743	22.969259305586533	19.4774700279507	17.55048966739968	22.957064518298516	19.850518373526917	17.50073252799807	23.280206179971152	19.441279594217797	17.52579328138699	23.007875783980623	19.680922073431006	17.768915065343485	23.08847856202342	0.1504
MAR	0.3394736842105263	lin	mse	4496.008177895664	2582.4994146193394	5678.570552591387	4164.6755074218745	2848.709370473164	6076.172910966265	4163.976286734205	2848.121500635795	6089.8165048886185	4234.187249294776	2844.7641609465854	6145.94955327202	4163.611262618041	2847.8430603660795	6075.067903132527	4179.968777509507	2872.606226203674	6077.135173241143	0.1504
MAR	0.3394736842105263	lin	rmse	63.45529036321576	50.751035248211025	75.35542945937846	61.36475377860883	52.76685280683458	77.94660151129337	61.355646528187506	52.76613933697866	78.03363886025829	61.81124085982974	52.721368252332155	78.39218924907549	61.35559205374189	52.75728520097284	77.93946439682966	61.48896191082103	53.001470009140036	77.95276530876463	0.1504
MAR	0.3657894736842105	lin	ev	0.026745050612356203	0.015930793530282122	0.03014373344260987	0.016877795595459832	0.010006320686982845	0.01534884128309208	0.01909429181907114	0.012209727475744309	0.01842305286930404	-0.00042075251378309586	-0.008045186999991183	0.017494517994128905	0.017101043288402795	0.01046509351708999	0.015673521818130698	0.0028241060118750607	-0.004781369541098229	0.018863716888595172	0.16499999999999998
MAR	0.3657894736842105	lin	mae	18.091378364637045	13.608800661294726	20.593904771083785	19.299068391124973	17.707689945950257	22.028806512772423	19.386485800337475	17.718076875018554	22.330682550523626	20.513250516542723	17.86783033894859	24.44341808726611	19.28562842557033	17.671792970283377	21.98944105832461	19.967428218895073	17.76433146954418	22.868943906279437	0.16499999999999998
MAR	0.3657894736842105	lin	mse	4048.4484562652933	1254.7456207454393	5695.539050272066	4182.865112029382	2845.183865117232	6057.898430192905	4174.060973160708	2844.456999764907	6054.435685915356	4240.104912020088	2865.4284635024032	6160.7071741803375	4182.869642242891	2843.934782247791	6058.093410861435	4233.270093545571	2850.96108886014	6145.2561388326885	0.16499999999999998
MAR	0.3657894736842105	lin	rmse	58.636098324383326	33.441256956887685	75.46857610825407	61.497995077008966	52.735543656818415	77.83215997407933	61.4324542474471	52.730597100455114	77.8097267741018	61.95673751049444	52.93767159682784	78.48994943409444	61.49564007540486	52.722848714666966	77.83341516074968	61.883909205887164	52.79197926797696	78.3908607068726	0.16499999999999998
MAR	0.3921052631578947	lin	ev	0.027288300655212327	0.014764785750670778	0.03719715839943177	0.016549702293138346	0.008544676548996377	0.026226900939561953	0.018437658967977832	0.01058168571722895	0.02988199100584768	-0.002454592646944298	-0.02616341745530462	0.015649351147905083	0.01692850148442715	0.008596128323579172	0.026842339542191368	0.007024445544724867	0.0020743539195667293	0.01564902219298228	0.17860000000000004
MAR	0.3921052631578947	lin	mae	17.8949345016356	11.72310438236454	21.93217553325601	19.272290836175852	17.37327547247091	22.794639890095326	19.318327230629592	17.467159617794398	22.816205301819704	20.202514672641712	17.71596078428808	24.325246983263288	19.266591495228738	17.359016384796398	22.73698608260002	20.250847574346274	17.45594595444823	24.470177055548312	0.17860000000000004
MAR	0.3921052631578947	lin	mse	3885.4496773280566	826.1521920144169	6139.928268992896	4186.889632915256	2869.5635384644447	6097.672325842713	4181.99673003378	2869.2398255235466	6089.03026230641	4283.837390548684	2925.124590462808	6226.656908161553	4186.761260071761	2869.876701975357	6098.730606638088	4231.063781532232	2912.9291271804013	6136.430299597826	0.17860000000000004
MAR	0.3921052631578947	lin	rmse	56.65576564419648	28.742714170744513	78.33993490059385	61.5230337292856	52.966938371985876	78.08364804108004	61.48074920925543	52.97634638041998	78.02869332658742	62.18669455859757	53.4536458468769	78.89968297864085	61.51882017399068	52.9714006327423	78.0904979273295	61.83776173857639	53.36431093252785	78.33059044826233	0.17860000000000004
MAR	0.4184210526315789	lin	ev	0.030443604704698167	0.018116045984232776	0.03801068591372847	0.01290050524772427	0.00641639079326084	0.015571082442803252	0.015188745683811766	0.01127449137755232	0.016467956121156924	-0.01640214738403841	-0.02407327134537407	0.007444037290440131	0.012983475625932129	0.00699923315248735	0.015647856705327395	-0.0009590987887974411	-0.014999755967972539	0.008212611493867539	0.1859
MAR	0.4184210526315789	lin	mae	17.26360754905927	11.735496598711839	22.451424038618462	19.134381612104267	16.903524626262953	22.88193958785439	19.215924687455683	17.067832257591913	22.93591235003082	20.559934109527912	18.180612333354702	24.875634377563237	19.128384039470234	16.897532493635925	22.889438954731602	19.87325604252544	17.538696298870125	23.80515738698592	0.1859
MAR	0.4184210526315789	lin	mse	3522.0798571440464	715.8032076648522	6172.581051667233	4193.849092243301	2899.2858893929233	6014.9017271584835	4188.080551011527	2886.1474399621857	6008.753552215881	4344.229844620046	2964.2386815090736	6387.605931295015	4194.082844059131	2899.9613855804237	6019.564991303963	4249.504669107106	2932.3606061978726	6105.806542914494	0.1859
MAR	0.4184210526315789	lin	rmse	52.28227611049167	26.672845124084798	78.55002563535817	61.59751825126595	53.30276121991126	77.5557901695379	61.544587036030805	53.16945616005667	77.51614906491623	62.6082008159252	53.94977870282287	79.91399527606931	61.59780872593834	53.308801995579145	77.58585112861249	62.011092714420215	53.62054186863971	78.13924212877566	0.1859
MAR	0.44473684210526315	lin	ev	0.030964523448555437	0.020134178786135826	0.04105318334411276	0.014427541926096077	0.01221740741237326	0.017871088371319566	0.014773625329384865	0.010543319918228822	0.017328570588104386	-0.008586441408011592	-0.012632116160855467	0.01174972822640713	0.014685525296050805	0.012138791759789574	0.017876501510620285	0.006587635939691106	-0.0026787887881697947	0.016867277455507618	0.19519999999999998
MAR	0.44473684210526315	lin	mae	16.984017631588042	12.885580511244399	19.65519904337541	19.04840218993197	17.47072542433302	21.920016926034645	19.090789129065215	17.49107884351495	22.041679510984423	20.940586983643332	17.50287570486514	25.765496427378093	19.062322476942867	17.46597430876223	21.89743239587212	20.229319500599082	17.418179482683765	23.43660898744955	0.19519999999999998
MAR	0.44473684210526315	lin	mse	3008.3703466201396	924.5951430874545	5123.246706722973	4197.748581266895	2862.7486480068997	6110.313417008198	4196.1623081583375	2865.208009493515	6118.000592426643	4318.499468404688	2872.2097825694595	6309.264839116553	4196.781088213047	2863.824743485823	6110.260228983903	4233.029459005368	2895.0024710300045	6125.0574185237465	0.19519999999999998
MAR	0.44473684210526315	lin	rmse	51.090332959025744	30.400803638275924	71.11724774702968	61.59571209172409	52.89592244454039	78.1676474123819	61.58443829117674	52.932349433987156	78.21638452568224	62.397234770143065	53.02161230082149	79.42858296698287	61.58829698528124	52.90801205530822	78.16728042346062	61.854393926897146	53.20022515999699	78.26268787014655	0.19519999999999998
MAR	0.47105263157894733	lin	ev	0.04069349540100229	0.02692587740205757	0.057437042962367485	0.01761672730306596	0.007991030381291342	0.024518131894077005	0.019590359442879735	0.012048276808821895	0.024351898863949284	-0.0038626016443192414	-0.014138354682774856	0.01995999568666046	0.017660977851107873	0.007939625804859324	0.02394771283409028	0.004631111517905973	-0.005420843196477065	0.02035806202179838	0.20820000000000002
MAR	0.47105263157894733	lin	mae	17.796424961416218	11.463509712682844	23.448661888230518	19.39253123317791	16.72288829627262	23.626419343051694	19.48786196963036	16.84333434643887	23.80774000516378	20.486665617745796	17.82545682017394	23.828891436764494	19.376611997133924	16.69942836881376	23.49784123709497	19.986179784123358	18.079729963811868	23.278501542969376	0.20820000000000002
MAR	0.47105263157894733	lin	mse	3686.7420427004604	779.0327318867239	7453.914603999421	4166.508498173276	2910.274040310031	6010.728081708002	4163.121426605818	2894.762661193867	6009.073173663338	4256.559229499182	2993.755212988465	6080.171714157241	4167.615409077183	2909.4026539331953	6015.158231874673	4228.586351549438	2976.113456914526	6033.348504225194	0.20820000000000002
MAR	0.47105263157894733	lin	rmse	53.41551370181814	27.907669620498968	86.2459227262694	61.42257792179699	53.39519245480789	77.52693725564262	61.38319129973418	53.23803570496247	77.51645179550817	62.09577851771892	54.15824242580513	77.97411508764525	61.42737334514074	53.386112290328136	77.55551557726969	61.86362063713091	53.98311930143224	77.67364884360333	0.20820000000000002
MAR	0.4973684210526315	lin	ev	0.04578290703636465	0.024536402195868695	0.06093635213280915	0.009896665001888539	0.003274764022302118	0.012000655641892594	0.015979667561942235	0.009452177600372008	0.015847849219216725	-0.013892895460183342	-0.03088913001748761	0.006972008578232353	0.010257796659141127	0.0034818924391857575	0.01322460204390355	-0.010088920194615037	-0.00826914955935637	0.0008478548426224808	0.22500000000000003
MAR	0.4973684210526315	lin	mae	14.37285511397243	7.810622930378285	20.146066452005208	18.946990512609357	16.82743959823007	23.06492377304408	18.996554839580384	17.01293129774615	23.078559535403805	20.888990134321595	19.164626424114267	24.9860322578197	18.94706025143844	16.86515328292898	23.041086516150056	20.18969673379527	17.849729111662434	23.712306020649798	0.22500000000000003
MAR	0.4973684210526315	lin	mse	2984.880691363839	226.800283949249	6071.607069429092	4209.641954958834	2898.101469482859	6066.328263418939	4192.301949000426	2890.4673636118728	6041.47044167732	4325.232980817408	2994.628203394608	6359.703858526169	4208.397706053992	2898.031209839829	6068.884697170008	4308.129734985787	2929.0254673876466	6306.773313294766	0.22500000000000003
MAR	0.4973684210526315	lin	rmse	43.94158536212061	14.994863961491827	77.9185808493872	61.70703804309237	53.28875891415166	77.88632078487106	61.56048977388549	53.21705756532103	77.72679358017646	62.50330221047316	54.24338669895664	79.74190426245659	61.69742053357138	53.2877375352433	77.90280096960045	62.386946706602075	53.59734741542375	79.40921774917268	0.22500000000000003
MAR	0.5236842105263158	lin	ev	0.03486336860870508	0.030152912013761524	0.043218357627518494	0.01592158795126305	0.0033423471717243247	0.02511296097334592	0.01763341952929226	0.007344274644237897	0.02593008063101035	-0.010211113647875103	-0.025093796841293536	0.014697510067372493	0.016209329512473957	0.0037061879061596747	0.025909482902602643	0.0023032877221374815	-0.003051776170966136	0.01400736732542232	0.23500000000000001
MAR	0.5236842105263158	lin	mae	16.509441198195294	12.56198749708321	20.020438659280593	19.085803495644292	17.356200610006265	21.61481339224309	19.135441244468762	17.454915164137937	21.773456440371145	20.439934657450205	17.862350605454118	24.932197662437293	19.07246208252015	17.40442881356979	21.578449979483945	20.102861234248994	18.030510320968634	22.83648748719447	0.23500000000000001
MAR	0.5236842105263158	lin	mse	2958.2346160614643	797.2950952135768	5461.29397735279	4199.97149752604	2874.4869638637256	6112.4519741687745	4189.2867972094145	2872.7774354534713	6110.36832744104	4326.033430704765	2911.3690565695197	6189.1970659265535	4200.127513711388	2871.929033455086	6121.269658148832	4259.407840776978	2852.2917831372833	6187.241517294924	0.23500000000000001
MAR	0.5236842105263158	lin	rmse	47.75861713997705	28.210816180312953	73.09897479662217	61.59283009277618	53.01637936439529	78.18126933380924	61.52313300831988	53.00456068178981	78.16774120042604	62.46502963270568	53.34056589789074	78.67130826327394	61.59021408334054	52.992158772372406	78.23754915482192	62.012554591567664	52.803079892671235	78.65860311172443	0.23500000000000001
MAR	0.55	lin	ev	0.03491825718731928	0.021588723279676647	0.04368058150136889	0.013337139424607746	0.002128601861205087	0.0192545503831974	0.018246709793923323	0.009131888414348421	0.021390936224207208	-0.006450740889439343	-0.02008534749722174	0.01076816187321758	0.014158694349194123	0.002782303339291803	0.019374470979807268	-5.172809850482185e-05	-0.011718561658763338	0.010338836774819588	0.2459
MAR	0.55	lin	mae	15.130767384997133	10.799344464418368	20.596133606589373	19.059709025298712	16.84458999728425	22.9727194217349	19.046723614195585	16.98256010038329	22.86167363558259	20.488846286897825	17.82027017132107	24.906589913950484	19.03649032323484	16.81821508872687	22.900140536333446	20.022139986050394	17.82509532755854	23.905557379564524	0.2459
MAR	0.55	lin	mse	3185.7856143064228	582.4757337955954	6493.2131935323505	4205.5520098650595	2897.5446622100353	6057.7166051519	4187.227814342155	2890.5488846043545	6026.971937205995	4300.49311612699	2944.706515266202	6124.77545221352	4204.557448918613	2896.3360486304755	6059.1837183627495	4256.207641256055	2940.2190307030573	6185.212567210542	0.2459
MAR	0.55	lin	rmse	46.703776028527315	24.133351299282605	80.57831704023502	61.64943076188841	53.28725379119037	77.83087319633933	61.5111677484917	53.21615332651297	77.63345784453696	62.315557840768335	53.73800939512063	78.26076946313486	61.63632549565391	53.27667821349435	77.84034165189576	62.032250335117226	53.70998623566332	78.64369950033274	0.2459
MCAR	0.05	lin	ev	0.025566417626836112	0.01905199116973491	0.0323589876529172	0.025058830167439084	0.018166729193762332	0.033335092094333524	0.025098863956470242	0.01825858368758762	0.03338159015556047	0.021116234098721876	0.014776366731492546	0.03099498016375271	0.02471713217915065	0.016720735786424218	0.032851550449626815	0.023005008190491914	0.015076804861606313	0.0321795328788389	0.0216
MCAR	0.05	lin	mae	19.59569728444934	14.796838145636048	24.102050223609613	19.744540686899974	17.717302537479746	23.18791481368832	19.737871710750625	17.731468694766814	23.174188399785585	20.066943438388712	17.82093118681351	23.701959679729708	19.68458528556821	17.70374772031244	23.16647404092196	19.74656219466927	17.751204490973194	23.05664738444139	0.0216
MCAR	0.05	lin	mse	3955.688850622839	1277.4427894500002	6320.690343738299	4140.9708043145665	2846.446569163406	6013.742617993467	4140.752572216547	2846.3461291716453	6013.828484246757	4158.679148280418	2852.60490073815	6017.644992781249	4142.502964990566	2848.478037747711	6012.683954092697	4149.8853313896	2849.326865048796	6013.205465298467	0.0216
MCAR	0.05	lin	rmse	58.75792929023895	34.75273254077136	79.502121226376	61.211756225127075	52.75756674380831	77.54732322907628	61.21022979108587	52.756029498713914	77.54789028419965	61.343234325375306	52.82201006345018	77.57244442807692	61.22385985510145	52.779214276372144	77.54048859500197	61.27944890662352	52.79001723290962	77.54385452762261	0.0216
MCAR	0.07631578947368421	lin	ev	0.025165028046277405	0.017106427927924633	0.033961726166613304	0.024511050097025266	0.017324301046897944	0.03366101261875412	0.024669047685875623	0.017345700109579865	0.034076172192493454	0.022378467884817187	0.013842655077571403	0.03166023666157494	0.024994823445497926	0.017840007879783015	0.03376263121810005	0.02279600137503136	0.015322043528242596	0.03282011585781447	0.0346
MCAR	0.07631578947368421	lin	mae	20.375362862690505	18.500100729898232	23.829748207760105	19.720763480823177	17.79502489429004	23.172245068691627	19.706714894263353	17.795104751949122	23.167824518092125	19.660704685638088	17.81733304612472	23.05604220093556	19.70508932612018	17.775547338281015	23.169948339299978	19.69991260245182	17.708018902962433	23.010343793457196	0.0346
MCAR	0.07631578947368421	lin	mse	4426.889541731175	3065.204966720311	6395.8123058530255	4142.355532318259	2845.8727960081496	6019.767410567458	4142.0626777900725	2845.076469998979	6019.436913181177	4145.968301218678	2850.7106240446337	6018.87170660159	4141.490616642766	2844.3970216279145	6021.181658980207	4146.850042702615	2845.6756794223943	6023.969851543621	0.0346
MCAR	0.07631578947368421	lin	rmse	63.117357111114345	54.72374119510518	79.97374262183656	61.224281651454575	52.752975409012855	77.58608987813744	61.22119399431292	52.74408034270911	77.58396989997968	61.263525088233095	52.79941957025285	77.5805746713192	61.21495091262805	52.740436902204294	77.59519364181445	61.26341936382958	52.75117050093509	77.61323087222935	0.0346
MCAR	0.10263157894736842	lin	ev	0.026890113831395356	0.018663876473871965	0.03648614225011371	0.025408489301884496	0.017755035751447323	0.03414482701177843	0.025302008514556384	0.017219864895123116	0.03438377191710831	0.023343152295038593	0.016353279978168128	0.031079417418230032	0.025405929217938727	0.017726872829237184	0.03509627673558302	0.024286896399005886	0.0163148306649597	0.03412488370342695	0.04659999999999999
MCAR	0.10263157894736842	lin	mae	20.99209513443236	18.67296720351464	24.892410015486373	19.706794190769447	17.722385606141803	23.225086989646837	19.687303063043114	17.712732695116003	23.19417012844379	19.661139302296384	17.801841698960317	23.130082378064657	19.719321400580494	17.72890462497451	23.25930247557304	19.642457171121176	17.687539721489856	23.104959480209043	0.04659999999999999
MCAR	0.10263157894736842	lin	mse	4576.382257072755	3104.5965764924085	6660.156589727877	4138.605285855029	2844.7922691158374	6013.599782187721	4139.158373366244	2844.359655571695	6014.103164314132	4147.751057783355	2850.025051652774	6021.883130651601	4139.416651797952	2842.54078079984	6017.7465881394355	4143.722759051504	2844.974873292058	6023.353816985201	0.04659999999999999
MCAR	0.10263157894736842	lin	rmse	64.32741249900342	55.10457673389728	81.60806233031447	61.19694302110719	52.745088924202015	77.54620023865317	61.20077625501555	52.74001721072455	77.54944845069517	61.26313234138265	52.798689731537635	77.59990108525388	61.200507344614756	52.721162344691066	77.5728800029145	61.23331135377008	52.744696340490265	77.60900605725993	0.04659999999999999
MCAR	0.12894736842105264	lin	ev	0.02886855235196443	0.01892766373541277	0.04076275961007686	0.0252668239400163	0.018642720603631646	0.03360575611852076	0.025113026614831037	0.018150103307888243	0.03360787492893941	0.020542044646798173	0.01250749358830569	0.030824491366050616	0.025163147188122736	0.018966820347489477	0.03402351200675194	0.020411533069115806	0.014617748636931022	0.033083470556397404	0.05940000000000001
MCAR	0.12894736842105264	lin	mae	20.115928270140394	18.715099151939853	23.170888702631046	19.757930939792356	17.85475416631298	23.197566351101873	19.748502609873906	17.84703100216103	23.20927312950074	19.95101735658874	18.033631630007125	23.540491066353443	19.724112866678848	17.859224760007002	23.054853308893875	20.065509394044646	17.889443719858967	24.65291485570822	0.05940000000000001
MCAR	0.12894736842105264	lin	mse	4219.297445832535	2647.445797506041	6289.541359358659	4142.262780695453	2844.231667473511	6024.494500006753	4142.7753152537025	2843.4010684898294	6028.916963035035	4165.598397235849	2855.0915650601673	6097.116463726685	4143.24923816932	2842.3279116927642	6033.813427197325	4168.65357747278	2843.012898335961	6095.578851178754	0.05940000000000001
MCAR	0.12894736842105264	lin	rmse	61.66992220039606	51.45000168353989	79.16438301224886	61.21548264581727	52.736269170435236	77.61683495721093	61.21949241408898	52.72902726796283	77.64524319321917	61.37854309458252	52.82731235819233	78.08250906662252	61.22083093278667	52.714950923050345	77.67669554309323	61.39011016389175	52.724065724761225	78.071801566851	0.05940000000000001
MCAR	0.15526315789473683	lin	ev	0.030478588141524064	0.019474779940232834	0.040137312436533956	0.026898620612828272	0.017374547686411806	0.03587654989100436	0.02652469187180937	0.017017931269941694	0.03543620456997798	0.02326392628928542	0.014824747938805116	0.0301019210430975	0.026923583252960438	0.01722715981815967	0.035569090413633764	0.024090282655000027	0.01643395304863407	0.0333654492938312	0.0722
MCAR	0.15526315789473683	lin	mae	21.19336527645886	18.249965049193506	25.34987861486087	19.756619544081364	17.800117054309755	23.217518106650786	19.719578150929642	17.77110655772358	23.211617647401166	19.663728776354084	17.66823127130723	23.151436431244523	19.7554508005121	17.762800894427173	23.168607607331644	19.677098842900847	17.575581487949318	23.156037725813448	0.0722
MCAR	0.15526315789473683	lin	mse	4790.409684052113	3150.554674694704	6999.860104241283	4134.530475139261	2838.8989940857705	6007.080110377683	4134.848313263854	2840.852962992184	6006.5712304688395	4146.823712552131	2855.3597100492343	6014.0295972205095	4137.209180777812	2845.4528681838615	6012.989359319298	4145.267696895806	2846.639013379856	6027.997386293311	0.0722
MCAR	0.15526315789473683	lin	rmse	65.52023434010411	55.376509788415184	83.66235333628596	61.16169832974522	52.688025666017786	77.50433802791324	61.167370952918056	52.706221123535	77.5010336043113	61.261435628138585	52.85240413589029	77.54918113026129	61.17555910284598	52.751359352019534	77.54236502855579	61.24314928857368	52.76175214024812	77.63900973074965	0.0722
MCAR	0.18157894736842106	lin	ev	0.029173060706659502	0.020302916210552052	0.037275973973534576	0.025177769260243444	0.017172900636020783	0.032869739158487454	0.02532482132802851	0.017704780177985796	0.032364081037563636	0.019535870992064764	0.006789622648349453	0.03076648828540257	0.02433398807536401	0.017843902336426604	0.03207255161041789	0.02011473039921452	0.013776226355804111	0.028372659135170814	0.08239999999999999
MCAR	0.18157894736842106	lin	mae	20.1716239870416	14.802885898384892	25.982334456205574	19.71477373780421	17.82806674427234	23.277540232622677	19.704864994807263	17.862055085592132	23.240961105162476	19.800696401741458	17.852320605565364	23.20776348009943	19.680294445814333	17.80496978671652	23.244844062928863	19.797944305773818	17.855565187595957	23.28774552323869	0.08239999999999999
MCAR	0.18157894736842106	lin	mse	4389.656317924026	1216.451631614787	7233.836981606778	4139.286746913903	2837.874141253912	6004.5430078234685	4139.061988597767	2837.804608563205	6004.704686216228	4158.834439019076	2852.654646846106	6028.261908483885	4142.830943212382	2843.346829324691	6011.81782642717	4160.89402469672	2864.1643895276866	6028.297380257403	0.08239999999999999
MCAR	0.18157894736842106	lin	rmse	60.79020892267697	33.43026068400119	85.04946815702392	61.200748687295274	52.66271229394147	77.4879756626334	61.19802694593959	52.661798271411854	77.48897443833516	61.35562481107638	52.79413548159543	77.64105389173251	61.2270384867566	52.71486276787924	77.53483820514236	61.360543405747784	52.89936077930946	77.64095378296419	0.08239999999999999
MCAR	0.20789473684210524	lin	ev	0.029910411325074028	0.018785847716920157	0.04028477783135276	0.025577258259377733	0.016787120398922634	0.036269313380040524	0.02546013033858462	0.017024454541091083	0.03597026801370792	0.020756502127812902	0.0142091309432196	0.029303753214969225	0.025202080297998253	0.01591292381957171	0.0356051601844071	0.0236410328074133	0.013666645032525987	0.034084889085952724	0.08829999999999999
MCAR	0.20789473684210524	lin	mae	20.789685945993938	18.009440526903912	24.66590869130717	19.815860795199093	17.695269039731695	23.366419613066554	19.784247331362355	17.66707836739573	23.324328278476518	19.831721197292175	17.635538830084073	23.44893869962534	19.743340706491953	17.74339279694709	23.25878442373767	19.62719329758447	17.372985694604836	23.124285771384805	0.08829999999999999
MCAR	0.20789473684210524	lin	mse	4489.352307144027	2633.0707307123125	6755.601419953563	4135.822024378848	2842.7879926358455	5998.624346874429	4135.873925266654	2842.4666521415093	5999.1875303851475	4159.879698687837	2851.9468278934055	6034.076508298103	4139.711782018093	2840.238832107498	6000.942524671244	4145.678340865104	2845.796662248591	6010.546512458872	0.08829999999999999
MCAR	0.20789473684210524	lin	rmse	63.518984721044106	51.30281429081228	82.06536619139771	61.18144717379031	52.721690988797306	77.44942036167028	61.182782873498205	52.72013875878079	77.45313677131688	61.34903918123014	52.814284083742834	77.67779561232389	61.203910867036406	52.691681345051094	77.46455926407836	61.25000600448362	52.740632412752916	77.52670662048976	0.08829999999999999
MCAR	0.23421052631578948	lin	ev	0.0324214533215445	0.019206457879152983	0.040662303109904124	0.02611874455454668	0.01685809000213126	0.0338979753715932	0.026285145602403193	0.017365097830240456	0.03401705310278211	0.02131361114806658	0.014045161568996684	0.031082240123107063	0.02653903615131088	0.015833043054827384	0.03741776919605769	0.022656954242703163	0.0128210461610119	0.03314972110337516	0.10429999999999999
MCAR	0.23421052631578948	lin	mae	21.704772537067935	20.006954491629855	26.384549108847242	19.73233181443205	17.91349475724953	23.107767064871258	19.714137732424778	17.920123247346766	23.101190564197317	19.671747084901853	18.05576789518726	23.126920455563834	19.71029706297262	17.85787509880704	23.122715534264504	19.78494082813973	18.192204266464515	23.119011216280832	0.10429999999999999
MCAR	0.23421052631578948	lin	mse	5057.296916535009	3497.944989563241	7459.409451347832	4138.75650090863	2832.538958473918	6020.328632165578	4137.76393065641	2829.3293483854895	6021.92376672503	4158.19644477897	2850.5598872091177	6045.522502416905	4139.901471534746	2836.302396865379	6024.21962453215	4148.837632411491	2847.982339074444	6020.524947759055	0.10429999999999999
MCAR	0.23421052631578948	lin	rmse	67.32694940767011	58.53900385126607	86.35852644656147	61.189316161483966	52.62504211597087	77.58972437316261	61.18218514915958	52.59303787714679	77.59992941830484	61.33541932602109	52.800517747829616	77.75212363245224	61.19186781787791	52.66045857495213	77.61468568041884	61.276726766147135	52.769492081223575	77.59115260447564	0.10429999999999999
MCAR	0.26052631578947366	lin	ev	0.028655459214454282	0.020799879384042735	0.03566574453901902	0.022144010732840846	0.018077135021338647	0.030668696260828743	0.02228867522705926	0.01836217943777499	0.03062910753068876	0.01361996226269362	0.002777132730471199	0.024102387347587156	0.022239165431263454	0.01912784867962869	0.029546978295672183	0.012039242489193757	0.007950279765984225	0.026413717290397598	0.1182
MCAR	0.26052631578947366	lin	mae	18.827517030454885	12.319544076413358	26.89680406105615	19.66188934317085	17.342305967436396	23.573795616255342	19.651239960198303	17.471415649402537	23.51372136238053	19.85479150769406	17.954821221400888	23.678367804916746	19.57848074873073	17.19922980289234	23.49130187329019	19.937344414948708	17.749836427277373	22.990830721729427	0.1182
MCAR	0.26052631578947366	lin	mse	3855.9920621738447	640.3332761571473	7215.543134971712	4153.076368823303	2872.7895191528773	5986.9399686338575	4153.618042138029	2871.243198222427	5987.4005630661895	4184.1473406776295	2934.82671345123	6026.331947512607	4155.803735098501	2877.3341625765456	5988.905879617222	4206.947109581011	2899.7967289631106	5997.248493388041	0.1182
MCAR	0.26052631578947366	lin	rmse	54.45853572124285	25.26674419238799	84.84262792018662	61.303953813782776	53.00098329520119	77.37454629861034	61.304721401468	52.988877488541746	77.37751854685108	61.55167980213217	53.59534944907708	77.62869239537963	61.3164584402136	53.05274461752019	77.38736167270967	61.6649541399482	53.26658366893612	77.44134423223518	0.1182
MCAR	0.2868421052631579	lin	ev	0.03132235677579446	0.018388814689031446	0.041951217978520416	0.02694186240205574	0.01702680933459294	0.0380495819701879	0.026664186134617317	0.0172219080765042	0.03772376194941107	0.02216845899811585	0.013019089906798426	0.02974152155462706	0.0246171180983079	0.017809072102152712	0.03249989280738527	0.021679896722273006	0.01687095125246435	0.02769644899328108	0.1325
MCAR	0.2868421052631579	lin	mae	21.968938580526743	14.32126545560915	28.237138531246863	19.838721870619963	18.04124538584694	23.210802738231926	19.800665030314203	17.94283854732256	23.11936113819114	19.80617912471967	18.29093627782668	23.360464772046775	19.758173619734258	17.857647149048454	23.071706202695054	19.985227935088385	18.443543958658882	23.767355559308516	0.1325
MCAR	0.2868421052631579	lin	mse	5196.713356280672	1949.9795805997871	7958.622860533923	4126.0038672274195	2832.06735172126	5991.839962021684	4128.166731137348	2838.2816932229975	5993.133873739462	4143.135625451781	2857.459967153732	6031.907612327336	4137.244316594234	2851.6175607904966	6001.98218373941	4148.548405507917	2859.7077747823646	6010.080758640283	0.1325
MCAR	0.2868421052631579	lin	rmse	66.38014973205934	37.79370141621183	89.21086768946618	61.11700326638464	52.615739259017765	77.4053742430471	61.13162875651625	52.678826554267786	77.41369899893618	61.25357082949978	52.86867096992009	77.6640642538908	61.19859203070261	52.81819192879532	77.471291433888	61.284212177119954	52.89670202618004	77.52362864403526	0.1325
MCAR	0.3131578947368421	lin	ev	0.03585558122550671	0.024702432067259444	0.04461307702878234	0.023221158828351816	0.017482303338721944	0.03161880311373863	0.022891608575873912	0.016314733487601846	0.03142836935359922	0.015848953885888462	0.013733972035347208	0.02034107222858822	0.02393159969726797	0.01768416932897185	0.028101277619724224	0.01632106223204629	0.01373859043581016	0.026569413238006406	0.1392
MCAR	0.3131578947368421	lin	mae	20.544586598472883	17.765767542150954	23.133771379719803	19.579813568782722	17.71613298376171	22.38792785287294	19.554791586923947	17.716593693463043	22.386604407707992	19.929655773873257	17.680987175639718	24.027264875323624	19.51817529571783	17.888231354011687	22.32714399694911	19.689511316598388	17.42283292452143	23.038901495741186	0.1392
MCAR	0.3131578947368421	lin	mse	4590.900459718461	2725.038056170212	6087.653804365614	4153.447212276319	2840.586555529862	6095.320156432402	4155.098567706542	2841.7294172701486	6095.7335539176765	4195.194498923801	2860.267472583543	6158.139296449362	4155.576429368044	2825.7221846810617	6089.834019166287	4195.910870063448	2838.4986135768677	6188.94571317587	0.1392
MCAR	0.3131578947368421	lin	rmse	64.26021840081074	52.1957339395416	78.0234061856498	61.288064961818996	52.70524963958266	78.07106785452493	61.299792337865185	52.715005312342015	78.07407050015605	61.56756980271804	52.90339618601932	78.47354950982812	61.28913990874978	52.553478249703005	78.03607217311031	61.56014046329724	52.67438574411062	78.66984558250613	0.1392
MCAR	0.3394736842105263	lin	ev	0.03176221742433788	0.02415955527771138	0.03934383080532955	0.023558537216336762	0.01888766630026198	0.028713016810761133	0.022944824396984732	0.018431957364092005	0.02822166804262763	0.01155827833425952	0.005598806169612697	0.018202476031009496	0.02363139765361787	0.019530152542599266	0.028825397075398107	0.012684192025969964	0.008743787359763389	0.020794627105675367	0.1518
MCAR	0.3394736842105263	lin	mae	19.920049482982396	13.447222899726043	25.251163631405003	19.71331828416703	17.87605053107489	23.32880921648128	19.67412195492313	17.702400049795955	23.263964259210617	20.09463559041266	18.810762060280922	23.719395536424773	19.769097306665675	17.743337340496986	23.330249549150043	20.305870748538343	17.802983081611018	24.115309255163545	0.1518
MCAR	0.3394736842105263	lin	mse	4020.842559543083	774.4811302686937	6569.291397521967	4146.873984761684	2863.026347185337	6001.430114980459	4149.199666817711	2868.4480367380756	5999.387923477507	4191.378750092945	2970.051231451248	6063.638691381406	4149.903102581226	2874.7348580200483	6014.781402123395	4201.3104309433	2897.75354390962	6143.338131097063	0.1518
MCAR	0.3394736842105263	lin	rmse	57.07741786402602	27.7788302921535	81.0503328773838	61.25797508175157	52.93485055827564	77.46827176314954	61.276570372774074	52.99097032155231	77.45515501639142	61.61147013667992	54.00138867402107	77.86936908318724	61.273578180711596	53.04808841322014	77.55420942603247	61.63481738755885	53.27003912686371	78.37901841147715	0.1518
MCAR	0.3657894736842105	lin	ev	0.034814986107565025	0.024184086637841884	0.04863245133444197	0.02610717119020395	0.014245312233754942	0.04120507426644662	0.026393598062362956	0.014343727898631725	0.04082703148816069	0.014312272015795779	0.002795739434570399	0.025763534466766908	0.024843847534493903	0.014816267709961917	0.03831814925955285	0.01561372137558209	0.004134664538779059	0.028131059533383518	0.1677
MCAR	0.3657894736842105	lin	mae	21.117142983139328	14.091404022518685	29.26505182447589	19.86749389415563	18.12324685436173	23.30927157968536	19.852401579057872	18.11004168850042	23.200159347023586	20.26100001800044	18.45421786939326	24.090830706664583	19.826619688268398	17.93905856868333	23.23836997862224	19.83025758328701	18.10899821264143	23.254247509098974	0.1677
MCAR	0.3657894736842105	lin	mse	4437.326256256269	732.8495138157675	8461.459919948635	4133.390891250772	2821.4308974891637	6020.220713538479	4133.282209755947	2824.711255258146	6021.705585542098	4184.908131455706	2879.4368510571576	6063.329235193805	4136.6455273181255	2830.628990415834	6029.209378819344	4171.304722428257	2863.2753106190844	6064.657579822855	0.1677
MCAR	0.3657894736842105	lin	rmse	58.12750989041492	27.071036461762368	91.82278478147413	61.160442152044524	52.4948693433997	77.58694512376283	61.157460151510826	52.529018143361085	77.59663629955686	61.543972801453734	53.086935966100135	77.86398005389776	61.190676818620474	52.5963534441606	77.64528328163051	61.45806473839635	52.91629461348236	77.87312028942695	0.1677
MCAR	0.3921052631578947	lin	ev	0.03959176913436159	0.029699161807522217	0.04763530295198995	0.02457081821440461	0.014661154753811773	0.03651631801666891	0.0245230333094682	0.012698968034098507	0.0370510790103703	0.008241604617073383	-0.006394502613549513	0.028119593044095614	0.024984647500219958	0.014961537222472898	0.037377614270361764	0.013457884380839558	-0.001815006751255177	0.029178531366305355	0.18009999999999998
MCAR	0.3921052631578947	lin	mae	19.395916792058344	13.241024501855513	23.81005610223672	19.798731958577125	17.711546458765365	22.959199633926172	19.763491255331225	17.747892669208472	22.85940237184364	20.204659918044733	17.562489211006422	24.01585147435622	19.722326660953442	17.69439372297431	22.930224918212616	20.405133182359922	17.961199269609118	24.154606878601648	0.18009999999999998
MCAR	0.3921052631578947	lin	mse	3389.145842665701	846.6446694343826	6030.3275458033995	4145.196448505854	2838.4825417701704	6017.720637866156	4145.1752021144475	2837.514558960481	6020.879613164753	4220.118319034897	2824.3345513598924	6184.515718089493	4144.8420130040195	2835.5367287308572	6020.832976659145	4187.930774071365	2855.576066558017	6093.838708375545	0.18009999999999998
MCAR	0.3921052631578947	lin	rmse	50.24703086423891	29.090198897754572	76.82462581408754	61.23774498606083	52.680426467155584	77.57395661103412	61.23792049675497	52.670789490933785	77.59432570306541	61.767449120372724	52.57523364077795	78.64018497184512	61.23120214726638	52.65113178635261	77.59400660448912	61.559361534610126	52.80425085996738	78.06272842150238	0.18009999999999998
MCAR	0.4184210526315789	lin	ev	0.02993114371914126	0.022906652232360186	0.028999963480624363	0.021948144910764966	0.013910816594162628	0.026373865697146365	0.02222492308227192	0.015607071270233863	0.026365630612977614	0.010477279889931935	0.0046083052098962185	0.02065629829920712	0.023473505367944337	0.014693087069503202	0.03342032672366607	0.01377311088241141	0.002599994596475974	0.0251619935528834	0.1921
MCAR	0.4184210526315789	lin	mae	19.75045007983286	13.518843643872154	23.56866296124125	19.444559660205726	17.542641443008293	22.435869870816383	19.433745812797287	17.609983888436254	22.304329437021508	19.83059825323699	17.860771868736656	23.494565708075804	19.46914094631502	17.742954827292223	22.591406412560882	19.86693049993294	18.720053916872974	23.477147791219004	0.1921
MCAR	0.4184210526315789	lin	mse	4655.014135549316	766.7628861379761	7019.223027917462	4166.11271038336	2855.352843600074	6059.665218311848	4166.937707167409	2854.086581437625	6061.546164902224	4211.44733433018	2870.989714598744	6152.997267751404	4159.746985683321	2843.709656946914	6050.134455290301	4191.171865551211	2919.9018681024595	6063.299533979873	0.1921
MCAR	0.4184210526315789	lin	rmse	61.271097274890906	27.69046799381772	83.77984311893593	61.36596914607063	52.86175458364659	77.8428652276194	61.36697052766647	52.84794509429269	77.85518701410405	61.706656711720846	53.008147718391236	78.44029274674918	61.31813451313012	52.73243866581032	77.78103309443779	61.582155149316996	53.4945322732693	77.86333868673276	0.1921
MCAR	0.44473684210526315	lin	ev	0.03900343623771215	0.024821090039307547	0.04668705830554287	0.025997166230558633	0.015843366962733613	0.033276146606436935	0.025644107500287717	0.015280366121348699	0.03248250822874199	0.008324285959074407	-0.0010274896482642681	0.015844654562335414	0.024467524024323516	0.012074430025219907	0.0319161754144236	0.011779048031201434	0.002218191022172439	0.022059084601720597	0.2064
MCAR	0.44473684210526315	lin	mae	19.823068318903942	10.157105141453945	27.721491371401726	19.780167856634193	17.933974909095827	23.580446707784866	19.731080403814214	17.842055115866465	23.504473976051734	20.2116297331167	18.076075968176475	24.311961231313646	19.745287476878783	17.82288699404287	23.51542012126854	19.933344171027002	17.71918286796445	23.962368132932372	0.2064
MCAR	0.44473684210526315	lin	mse	4074.9250622136324	394.24083733117504	6978.045325993976	4140.201170996918	2827.730032026377	5992.474634649643	4143.8574319364725	2832.731173999	5995.169516661883	4216.960386492271	2880.3901605000615	6123.004782198794	4145.814728071003	2834.050598502604	5992.917282911911	4194.848133108292	2855.93410622349	6059.852204086095	0.2064
MCAR	0.44473684210526315	lin	rmse	54.45429050549184	19.851344467327376	82.485962169942	61.19654769184812	52.56274250970531	77.41080223801393	61.21940606661466	52.61026643288359	77.42819887499934	61.7574534330364	53.035839734441645	78.24959620377196	61.240789677067326	52.607699855043315	77.41311575430942	61.60558983615082	52.80696572892142	77.84500504508158	0.2064
MCAR	0.47105263157894733	lin	ev	0.0402183965513777	0.027586298541204562	0.0488295016106661	0.02433333131600619	0.01571391509129852	0.030755226421207787	0.024260008512022646	0.015773074828522887	0.030899766637315806	0.00981184291130478	-0.0005976752067558544	0.021439315057846076	0.025456982559875052	0.017273629257156725	0.03004701634733445	0.018435280135602184	0.010581226177019981	0.030146547344398922	0.215
MCAR	0.47105263157894733	lin	mae	20.637799175067933	12.803924215823285	26.57261395523443	19.843624806891462	18.101572503787313	23.28140270749195	19.83682891021082	18.100809395551938	23.252152417965025	19.892339287043306	18.80179276564172	23.706856181674	19.88299084588919	17.985071667298207	23.356859079589242	19.829494946384663	18.761617002814575	23.53205967048624	0.215
MCAR	0.47105263157894733	lin	mse	4332.425730407336	647.2233828049328	7657.664215555131	4142.321266728339	2847.6960930257446	6020.678292761217	4143.052475658617	2843.376070377245	6023.3651927410065	4202.632350419801	2924.667795061708	6154.7874577789225	4138.767635964131	2847.6519185434267	6005.400396817078	4157.000428901917	2868.573869370569	5953.165074163484	0.215
MCAR	0.47105263157894733	lin	rmse	56.47876451971636	25.203116382008645	87.49221754683893	61.224985214255376	52.77238921414617	77.59160437265021	61.22850922996959	52.72302984557669	77.60884577743491	61.67534272825361	53.538512924301926	78.4487413436556	61.19639775732757	52.758247172245575	77.49368907466884	61.358206011410154	52.93755127797033	77.15675546092228	0.215
MCAR	0.4973684210526315	lin	ev	0.042346824894727776	0.03097475817398887	0.04820253161065649	0.02399970385489708	0.015262615686724379	0.03223383722920642	0.024564373229364354	0.015738768093052108	0.032321742929453806	0.00284759606237841	8.628438229954516e-05	0.014675907281996525	0.025745070137440162	0.015193672153371418	0.03561285652514612	0.014493274246188893	0.002791260887386293	0.025722316409232088	0.2262
MCAR	0.4973684210526315	lin	mae	18.558307644395246	9.539276392670688	26.628854808069924	19.86336804810111	18.18352479883326	23.648115685361418	19.833074074498988	18.263834483023423	23.52487135855573	20.071134659325605	17.51645924768438	24.085764479145944	19.900695307026577	18.30399745256692	23.236944351924496	20.055107555601502	18.102986744279484	23.372954448796705	0.2262
MCAR	0.4973684210526315	lin	mse	3433.9802086058835	347.5418694371348	6970.838268287011	4142.5915369006425	2835.214236120971	5992.787694658814	4141.0940075079625	2826.699240104881	5987.195993949421	4233.482142136598	2880.7217139730146	6188.429212526297	4132.884408284243	2842.683251656518	6005.83172521575	4184.936977639305	2881.2997704868567	6023.272842097698	0.2262
MCAR	0.4973684210526315	lin	rmse	49.63386130906138	18.54230406890916	82.69436617055682	61.226317988045786	52.64201337627791	77.41223145241395	61.21205700559508	52.55561380072416	77.37626314698056	61.88147420703448	53.0768990321889	78.6621113465783	61.164468434138556	52.716978803185285	77.49639472039804	61.53216376783273	53.06476422806858	77.60841098278736	0.2262
MCAR	0.5236842105263158	lin	ev	0.05413096215430393	0.03207793643115772	0.0708640887676403	0.024161243166168477	0.018817397240081746	0.0339007439461852	0.02407421170147641	0.019838651526973422	0.0314058745239679	0.00744784348212042	0.001315661606489854	0.02142129284856409	0.02278527536322007	0.01850066880303672	0.026650650370315415	0.01404120990122366	0.008194232791629646	0.0182098559906472	0.23809999999999998
MCAR	0.5236842105263158	lin	mae	20.0619254814308	11.8024059576123	25.854170947832557	19.7943229808185	17.620582190264948	23.60079094497421	19.753120590160773	17.683355799123905	23.52509133020891	20.232978934684642	17.374253038666488	23.693381621278796	19.666979102324092	17.58707394396215	23.40341294557382	19.876789724312964	18.26689707185357	24.027763190246436	0.23809999999999998
MCAR	0.5236842105263158	lin	mse	3918.4973500997257	506.0524545449098	7074.345923155546	4137.172861652734	2871.090868619232	6029.370380595413	4141.147192989207	2869.228455789488	6030.229250478657	4203.998789680731	2886.84608023244	6089.180134151514	4148.544149326394	2859.366843817177	6046.879381406998	4183.842025160824	2912.5273978211553	6096.6424594288455	0.23809999999999998
MCAR	0.5236842105263158	lin	rmse	53.372234912432	22.17190071734192	83.37538769068291	61.205968406734804	53.01251610063961	77.64637239007743	61.22575728678443	52.99152693455789	77.65174314306775	61.70292392682023	53.13121944364204	78.030905699482	61.27122466099739	52.891447574546675	77.75897555922677	61.53906166989829	53.4298085022112	78.07876651969387	0.23809999999999998
MCAR	0.55	lin	ev	0.06914786452846497	0.048844491222720665	0.07494492315157264	0.027313587094445157	0.018902701352018214	0.03887779982939005	0.02675716773292488	0.018621336766822982	0.03706571055600619	-0.00541810579675076	-0.006427805706770956	0.011667587116708011	0.026532163856853485	0.017547110271417032	0.03503596711316301	0.010313861576370608	0.0011772184402600028	0.0254375608006652	0.24889999999999998
MCAR	0.55	lin	mae	16.54063521807102	10.973685781664075	14.077659042023573	19.827695762030977	17.60365782010823	23.771637727352715	19.81186716040744	17.566568504007293	23.881949937319153	21.4061872699861	18.028629862069113	27.225201877704734	19.601472063757182	17.41546814614752	22.79141864682303	20.251444347420733	17.940345290654435	24.167061537209086	0.24889999999999998
MCAR	0.55	lin	mse	2229.3342899087297	531.8098228146675	878.3980989532433	4134.347062184059	2828.6091670156634	6017.864317551144	4137.7016043267695	2828.5499336561807	6018.892973937882	4287.724366672839	2897.1351192049024	6191.535784571573	4152.3596010771	2845.7863443974943	6061.215049936367	4218.276680632604	2857.3158468941956	6101.989764913596	0.24889999999999998
MCAR	0.55	lin	rmse	37.83167500506063	23.019692295418675	29.635759205343692	61.155246416425506	52.58445617143899	77.57162741988604	61.176775926475486	52.58288249059798	77.5782704008805	62.242697877904675	53.27448307932707	78.68620099564387	61.254380108636816	52.744274673838014	77.85172005860997	61.740114694666545	52.82474940616233	78.11210377514475	0.24889999999999998
MNAR	0.05	lin	ev	0.026028801267699787	0.01672237797762724	0.03329425458638699	0.024893604573940818	0.016678737516211933	0.03373118527631688	0.024951860829176654	0.016857309448907093	0.033808406970285226	0.023280441801560005	0.014272302589634162	0.031574535938414694	0.02512350842526364	0.017063726660892786	0.03388216096777255	0.02458944512270641	0.016614571131415512	0.03234311600015094	0.0216
MNAR	0.05	lin	mae	19.951609436937122	18.013914507240294	23.55581454326714	19.688982487715684	17.744661886460307	23.202791396369044	19.689492041492027	17.73526365818633	23.20990555541131	19.722401591511435	17.70719894079226	23.105809947504948	19.687447953042817	17.726533546258448	23.16286983832504	19.744204569085333	17.831878343975532	23.365714613306928	0.0216
MNAR	0.05	lin	mse	4312.925237462228	2994.4636771502114	6227.738256343677	4140.042932012518	2846.3377992799014	6004.720592676942	4139.743025894387	2846.1175148058114	6005.031006484795	4147.5617189495115	2851.3303348856407	6003.407149927391	4139.673839490337	2845.467801664943	6006.43809926843	4141.2281650298655	2849.480869538043	6009.050615098905	0.0216
MNAR	0.05	lin	rmse	62.30305811619115	54.147413230981826	78.91576292633245	61.209679252658454	52.75646962326407	77.48930508491873	61.20747032405666	52.75410245927365	77.49131367925682	61.26396553048865	52.80796824903915	77.48095959176904	61.20521003979875	52.748635555019455	77.50037256716067	61.218947605180745	52.78910469749563	77.51720032317239	0.0216
MNAR	0.07631578947368421	lin	ev	0.025558088813475578	0.017149737019607952	0.0357610386672966	0.025391252577542333	0.016959171632486725	0.03475222527010974	0.025409616926061473	0.016725211599001866	0.034474642340725975	0.023325151752895124	0.014161938020940318	0.031905562335050014	0.025348869341415125	0.017051037466157354	0.03524373684622947	0.02324932253862948	0.01470729560555667	0.03435081340853843	0.032200000000000006
MNAR	0.07631578947368421	lin	mae	20.00671664640498	18.332387951461644	23.359681139279537	19.669349405045264	17.753583106090304	22.846049983740386	19.673353515900804	17.753856740380268	22.868500433550828	19.72365747768982	17.855017109524088	23.469902056732863	19.630563302900352	17.746254158697305	22.758780411089525	19.74551396661301	17.62041969097571	23.980662342452714	0.032200000000000006
MNAR	0.07631578947368421	lin	mse	4251.659132281563	3014.736054947329	6024.99364056964	4141.7301302943815	2842.575712416792	6033.35830444709	4141.218155912584	2842.2170341507863	6026.0760025500185	4152.395291983905	2847.706356521235	6074.507487421238	4142.762670966977	2842.8029822954663	6042.826678950591	4154.141641783693	2844.860885679089	6078.91704805583	0.032200000000000006
MNAR	0.07631578947368421	lin	rmse	62.05879814644136	54.29327401718987	77.48417931111035	61.21213200362649	52.71953034181929	77.6731459788914	61.20949081743104	52.715575915100835	77.62642633848567	61.28501833097412	52.76982929157201	77.93639446921551	61.21755170843797	52.72159642802875	77.73378301031727	61.29369277602321	52.74222202482423	77.96472375289682	0.032200000000000006
MNAR	0.10263157894736842	lin	ev	0.02542075529032477	0.019878692117975744	0.03456977169760328	0.02406580526258003	0.017593645097159355	0.033770127859600624	0.024112033543276522	0.01800429929987779	0.033873325046902714	0.023271926196183866	0.014143505473189016	0.03163058756474488	0.024252256220449242	0.018909381539985393	0.03394521452937593	0.02244386055969183	0.015515694951936804	0.032120976022419645	0.04419999999999999
MNAR	0.10263157894736842	lin	mae	20.66247061973258	18.874413374941852	23.839735262283984	19.743875147484772	17.92530960653398	23.14513235103891	19.735473094077744	17.906311824444476	23.176354486109563	19.74173698927084	17.77363120051757	23.246869459739674	19.715632184011664	17.90289769544392	23.08777217576136	19.830626684039537	17.954421673516663	23.34793203207543	0.04419999999999999
MNAR	0.10263157894736842	lin	mse	4519.8684273726185	3103.387037235559	6415.25617866265	4142.891992743958	2847.531594557376	6021.900818670742	4142.987185540609	2847.1018341968747	6021.149349758595	4142.835818091028	2857.304886763676	6000.424579608584	4143.169582300746	2845.7240563626606	6024.977587334918	4150.382551429097	2850.4029655095574	6030.392272211626	0.04419999999999999
MNAR	0.10263157894736842	lin	rmse	63.7814710050272	55.06934142107735	80.09524451307313	61.23095177810946	52.76564850811242	77.59972643470493	61.23093972285293	52.76190852213756	77.594885070602	61.240771346722056	52.85884685412217	77.46149283860414	61.22993025694031	52.74924748135973	77.61951356068454	61.28408809253078	52.79046270625149	77.65457927559152	0.04419999999999999
MNAR	0.12894736842105264	lin	ev	0.028540393074166746	0.020658166154424035	0.035169812244430027	0.028304553823702183	0.01949946905288502	0.03836282290746243	0.028526436117980856	0.01922142840195845	0.03868840820717678	0.026171630980721228	0.015584086792282431	0.03011162353236868	0.026350445517682963	0.01943499170809146	0.035243729406717716	0.024392812081819572	0.01796232731247077	0.03334488282411402	0.05650000000000001
MNAR	0.12894736842105264	lin	mae	19.549998682274666	13.175289820765792	25.05020125426681	19.802564659099	18.31489067082498	23.307332070510515	19.794177700179667	18.300527284427723	23.28516249166695	19.996617719895447	18.22428587426081	23.584830646503047	19.732130583593854	17.882000777940352	23.267903213865562	19.709133893676476	17.974029317655937	23.043210619673133	0.05650000000000001
MNAR	0.12894736842105264	lin	mse	4007.0851368422454	729.0937094000118	6736.315067745462	4127.398124248669	2813.401421475017	6001.27796074005	4126.511605663785	2811.8183896406886	6000.843588213647	4142.201887869122	2793.465848848593	6024.961667706297	4134.1755056364145	2842.027191376104	6005.699762966612	4141.834439224705	2847.030763572141	6017.482279963943	0.05650000000000001
MNAR	0.12894736842105264	lin	rmse	57.71609731146616	26.998050725604564	82.0714152093458	61.107394016742305	52.415320173877134	77.46712285396018	61.10062289879352	52.40405449215204	77.46432453549399	61.19790051506982	52.20814748054278	77.62000943735757	61.16527290175567	52.712564706756865	77.49582234025983	61.22313818137469	52.76119511807027	77.57196876237586	0.05650000000000001
MNAR	0.15526315789473683	lin	ev	0.028562144739630403	0.020769895435047286	0.03636613923925863	0.02697450140747848	0.01728556378991067	0.033951625653685896	0.0268289992189652	0.016590076407557497	0.034173721861431666	0.01684617775415854	0.009928894558096063	0.029996041634916315	0.026084009611601823	0.01569094756659936	0.03347628047059531	0.023120528984612688	0.011898633124886537	0.032507411694406546	0.06960000000000001
MNAR	0.15526315789473683	lin	mae	20.006935512135488	14.349774606282221	25.976979442692343	19.82413882271534	17.776467382488597	23.188907937034326	19.796290427310932	17.758492583133666	23.17798758551345	19.992965852510753	17.84593774849319	23.09082166113768	19.684289200403448	17.809565352187157	23.216043180368693	19.89524388466222	17.67968342776854	23.293170258505334	0.06960000000000001
MNAR	0.15526315789473683	lin	mse	3911.8707461123413	955.0313709795606	6917.909222225456	4132.973029478532	2833.4601756387683	5988.202398116113	4133.422468977988	2834.120241511951	5988.537867908887	4178.475147710818	2843.1499134436453	6005.366894124783	4137.486900757275	2832.4651067662808	5994.493839355431	4149.137222114268	2832.826229889913	6002.734891932528	0.06960000000000001
MNAR	0.15526315789473683	lin	rmse	57.3736813580572	30.901707361531702	83.17393129482433	61.15140197994274	52.62623195629995	77.38254358973273	61.15556535841571	52.63183622454702	77.38474223776814	61.48705819141585	52.72376749217188	77.4934948277677	61.183242397519734	52.61640618701673	77.42313631119747	61.27138297198301	52.620632184942025	77.47626412007017	0.06960000000000001
MNAR	0.18157894736842106	lin	ev	0.030437772169550247	0.0161649740797232	0.04110651609214144	0.022042247044796147	0.015489036066757583	0.029636638961499373	0.022258411592148853	0.01532590822570426	0.02979343124539166	0.015038839272389682	0.00806807775432572	0.025184173052923475	0.022218458931603936	0.01535195924243149	0.028239010807350362	0.017902846405715378	0.012171874097938351	0.02679412429296338	0.07949999999999999
MNAR	0.18157894736842106	lin	mae	18.287436066320947	12.207134831769835	21.704828916946525	19.66749209024358	17.273934323659816	23.52152744589856	19.718377123409013	17.325822121752438	23.58406237128258	19.97221719480597	17.565576351595404	24.522736557502295	19.60453374574835	17.235269991874407	23.374237808595428	19.927904285138627	17.70602945813089	23.92192784574248	0.07949999999999999
MNAR	0.18157894736842106	lin	mse	3523.4909643598353	642.5290576786222	5278.941254875467	4153.237516733305	2892.9570157048283	6007.998384388029	4152.180223988758	2890.5279527954463	6005.659654350797	4185.715954315134	2873.5654870473372	6117.562476565981	4154.401900695438	2892.228051019201	6012.4293881247395	4173.670171680232	2910.8672951291483	6017.869925306868	0.07949999999999999
MNAR	0.18157894736842106	lin	rmse	53.669942909065796	25.337716208791992	72.65594913023409	61.31060134283415	53.24255614390796	77.51041827826737	61.30295809827967	53.21730886329073	77.4953114540508	61.53564265228066	53.03452311659261	78.21465877341112	61.314457968172675	53.23449985408625	77.53922824390531	61.45418020607767	53.41919665585978	77.57448519939919	0.07949999999999999
MNAR	0.20789473684210524	lin	ev	0.03405842441992061	0.026549347230432646	0.03781672558880317	0.023588433245399908	0.01619815726629309	0.03286376832052118	0.02400710880637308	0.016185453573364594	0.03340880644034022	0.01263442423764366	0.007432776217488529	0.02386445389280109	0.023581860173131818	0.018527750575399515	0.03127182342101245	0.020406855136900482	0.013941770972203754	0.028587509428361996	0.09269999999999998
MNAR	0.20789473684210524	lin	mae	18.334931340389126	12.477355822084895	22.335823411853585	19.71576091832962	17.852405371708176	23.494927118538328	19.719186678811653	17.880730748058017	23.478182463835523	19.976428830535802	17.652900734233576	23.446541467352475	19.684382711141193	17.855258923367668	23.391688236941413	19.89265602559208	17.605992540316173	23.14436892568642	0.09269999999999998
MNAR	0.20789473684210524	lin	mse	3628.854050207877	641.311894966084	5510.943531565776	4147.481108075719	2844.9842880402375	5983.849143784434	4147.300325287581	2841.3747449737707	5980.464296783948	4202.3972456189185	2862.998654531223	6024.73041099808	4149.05039682945	2839.344566756865	5998.177116452465	4164.578535879153	2849.2691380354127	5996.096164764935	0.09269999999999998
MNAR	0.20789473684210524	lin	rmse	54.16097891626323	25.313444715500648	74.23571216996	61.25747889537863	52.738016855491395	77.35461190269262	61.252268863474136	52.70762375859823	77.33277030083465	61.64367766284168	52.889038748241006	77.61780520805263	61.26444674665661	52.69620593398912	77.44704749438095	61.37104516015158	52.78309519754274	77.43387513354557	0.09269999999999998
MNAR	0.23421052631578948	lin	ev	0.03638600642920079	0.024138371482294446	0.04423369329429078	0.024616146909259062	0.013224130202511647	0.036706290928540636	0.024198675177542185	0.013134890726315934	0.036827369447392316	0.019680842908715614	0.009977449210263084	0.027984845317477858	0.02556514607787961	0.01407151733169787	0.0379307369651701	0.01993427587158634	0.010938478374849486	0.03133208418119743	0.10169999999999998
MNAR	0.23421052631578948	lin	mae	20.433759599903745	14.847494374617188	25.730926982228567	19.8231529510361	17.834400796964196	23.530172364170156	19.77844460428772	17.840983981206957	23.519718962249136	20.007238803604206	17.9606653024339	23.659429135927468	19.811367926319363	17.885708757392987	23.486069937570495	20.310931297055625	17.85822098716052	23.369650783539967	0.10169999999999998
MNAR	0.23421052631578948	lin	mse	4173.9460621106955	1278.130423664945	7017.4647714791145	4133.642579885172	2846.02498779797	5995.560451416284	4136.282361256848	2846.3331816926757	5994.892013052728	4162.027807570101	2833.352081222236	6023.936195270423	4131.224000805583	2840.6984228986007	6000.699046346166	4164.660725252955	2852.3574797052815	6010.836586775658	0.10169999999999998
MNAR	0.23421052631578948	lin	rmse	59.588067778369386	34.89677338814795	83.64849875938519	61.18166803975944	52.750761286800824	77.42952500454746	61.19888235742369	52.75359956055068	77.42519617822558	61.36693263578502	52.61272781651988	77.61302399617358	61.15924580066792	52.694148592598964	77.4627939784645	61.37864723389366	52.81192086652562	77.5281783096871	0.10169999999999998
MNAR	0.26052631578947366	lin	ev	0.03441237438479835	0.019802514442005675	0.05246701234182363	0.02296862302044942	0.01143981611937575	0.02891519078693891	0.023237548787014995	0.011564655468420282	0.029178512920626565	0.010366096944616533	0.0026446222344869985	0.02416457131771474	0.02312496322386446	0.012946889314928406	0.02831910451676284	0.019728454825024656	0.01377653316432742	0.0260609275902563	0.1183
MNAR	0.26052631578947366	lin	mae	20.092712338550232	13.273875520378239	25.040070949011103	19.534138703923777	17.857101522943456	23.317848059924344	19.53711233654668	17.807765357601752	23.26982969045363	19.91010224222908	17.219750649713085	23.441475290595974	19.537508183916884	17.8203715739604	23.245630649193238	20.00033222270398	17.812787044647504	23.391426051183338	0.1183
MNAR	0.26052631578947366	lin	mse	3846.24144435525	788.2424758357447	7216.208634115797	4152.057772863066	2838.2852718602157	6008.241639733389	4150.798143285115	2836.4440574709715	6006.598060850694	4206.6390815500135	2861.510302820925	6037.669404059935	4151.618153866117	2838.296065373448	6011.965916839781	4164.45652419468	2847.770901059642	6041.294029500989	0.1183
MNAR	0.26052631578947366	lin	rmse	56.323345247559054	28.064926188262685	84.84937867626283	61.28616391856573	52.6514530819433	77.51223206687482	61.277043528873	52.629471104423885	77.50167087137467	61.68670086725403	52.82222793336826	77.70179433779941	61.28287095228076	52.662927423685076	77.53614100639109	61.38261658030384	52.76449788382971	77.72465961263792	0.1183
MNAR	0.2868421052631579	lin	ev	0.03481925720422879	0.019856842314891432	0.050477714123846856	0.025007744825374434	0.0172407554995061	0.035592297770760006	0.025032257106390565	0.017063966883912124	0.034911843658348485	0.017774397170143508	0.010541905507470195	0.026621519584732856	0.025416883827004143	0.01602663652285105	0.03633604988391745	0.019115511832272926	0.008923206483327006	0.027485667080451887	0.13330000000000003
MNAR	0.2868421052631579	lin	mae	21.384831156872984	14.298383039377846	27.33427862107944	19.8392657535274	17.79630291131248	23.947274939671807	19.83452032892576	17.757139533559755	23.90917943368506	19.869202023869782	17.962479332943094	23.81795359695018	19.814065047123847	17.7087591206003	23.823781106232122	20.038751474343545	17.993567547536678	23.79027717368677	0.13330000000000003
MNAR	0.2868421052631579	lin	mse	4468.756282878197	1340.5140034317542	7473.476550365023	4140.280171106808	2840.887803793011	5972.769959374644	4140.44318959438	2843.2713784135713	5968.368194727361	4173.323590786721	2868.4057973789754	6003.347384125073	4138.032160226212	2844.258963089931	5974.5063899956185	4159.045749272503	2865.404754958707	6009.3884980208595	0.13330000000000003
MNAR	0.2868421052631579	lin	rmse	61.15936429204343	35.00378996389777	86.28851480605371	61.209897180244525	52.707732536018256	77.2824784990643	61.21049554666945	52.73200292345902	77.2540925912107	61.443801688434476	52.98601164285017	77.48021077294332	61.19617202305561	52.73876855788299	77.29394254436815	61.36328208190723	52.9535756962688	77.51928248130974	0.13330000000000003
MNAR	0.3131578947368421	lin	ev	0.038869074678637594	0.019134228565145767	0.051088827170475665	0.02562699519665519	0.016561374865260797	0.02923346941369348	0.025102455153300163	0.016077809868733833	0.030406762549717303	0.015095309687238202	0.013398127841457885	0.019810206632209004	0.025153320335531294	0.016760135996127773	0.02927549628287024	0.017891815219022788	0.013127428291950322	0.020920016056971275	0.1423
MNAR	0.3131578947368421	lin	mae	17.751019871938016	13.25154770885126	20.57735463480546	19.76774300753584	17.997246371462055	23.997670486199855	19.7527735796075	17.986007401543123	24.048256973046783	20.30447606481746	17.835080717058503	23.85526646550851	19.63536851665503	17.834920658313564	23.5347356816484	20.085184583019164	17.634080424247582	24.69757298746098	0.1423
MNAR	0.3131578947368421	lin	mse	3076.5458714969463	807.2343111762156	5307.324757851964	4145.878797523506	2817.55711524495	6006.330315001068	4148.344308292764	2818.5688959275603	6004.4854886752455	4197.0664559894785	2833.6696951020513	6079.001309966718	4147.380189931528	2833.5369843346616	6014.891132396809	4179.56367501232	2860.1166826674403	6069.664764010671	0.1423
MNAR	0.3131578947368421	lin	rmse	51.21569847249482	28.375768167506237	72.196339089098	61.22569029311975	52.461890065674766	77.49980167224797	61.243141774614664	52.47070270393179	77.48807297992485	61.587806187219954	52.62199056569903	77.96706504394727	61.24175281069272	52.62949420454166	77.5548275560134	61.471380690716366	52.8935657644436	77.90780467673257	0.1423
MNAR	0.3394736842105263	lin	ev	0.03821244418242309	0.02237879451260763	0.050841758718394026	0.02513398994342264	0.01889775280572234	0.028158657183777636	0.024885696318902716	0.017647501782101532	0.027943533718647717	0.01279697354191015	0.006634011280727575	0.018145721355711103	0.026089517175022094	0.01702110141195462	0.03167199372579632	0.017071841445826963	0.006914838165095999	0.02928353777051587	0.14969999999999997
MNAR	0.3394736842105263	lin	mae	20.743918432271343	16.772109350468853	23.420190395383344	19.709408093412442	18.07738618178178	23.01675163543173	19.700666198010225	18.088223855795526	23.027304105421074	20.12247856637934	18.028109591130523	24.820122993089445	19.71473156666081	18.063435188359303	22.99479731374783	19.879208328354373	18.18214610753082	23.512958562971498	0.14969999999999997
MNAR	0.3394736842105263	lin	mse	4152.084141464788	2772.799971668702	6290.162098033288	4144.71453073517	2827.399356125753	6037.177794106951	4145.9009354169175	2824.7917880029217	6038.2124576543365	4202.0361273614335	2846.276826364553	6089.88360653421	4137.415069125506	2826.0301001307726	6024.917942600424	4180.821980383808	2842.5600574887458	6128.6463466295445	0.14969999999999997
MNAR	0.3394736842105263	lin	rmse	60.919158289146324	52.65217185799001	79.3103355041093	61.224971387907466	52.56317909569851	77.69850516671208	61.23299403602704	52.53705114310321	77.70511260320588	61.62743822529186	52.75713804810624	78.03670601019363	61.18090885563093	52.553118819645746	77.6193654911734	61.483663752743055	52.7180206793721	78.28567137771122	0.14969999999999997
MNAR	0.3657894736842105	lin	ev	0.03125810931581201	0.023783516053477005	0.03186072724918931	0.028148467029409697	0.017077758288555067	0.034303484797997136	0.028027850926622976	0.016914728262726497	0.035566848091433345	0.01854882247604772	0.006782973914127216	0.022496397797069634	0.02650063085629072	0.01680012838392625	0.031868921487979374	0.018303592832837678	0.012410591550070404	0.023793160648504813	0.1659
MNAR	0.3657894736842105	lin	mae	20.942651030790472	14.491935016504705	25.049657670305027	19.97751792883052	18.21937483940106	23.753011277140786	19.941944547017044	18.18129262632742	23.769613529040328	19.984814230464217	18.02506811416414	23.373577182608397	19.849867321474587	18.184864509729493	23.354054564844112	19.96690459559712	18.839981391325278	23.237703322143915	0.1659
MNAR	0.3657894736842105	lin	mse	4707.006181667326	1268.4130166066514	6653.795587957406	4124.8814644058075	2805.1650981135117	5983.688182573572	4125.332558041138	2806.8764109305575	5978.401272524238	4184.048117820209	2795.4565275911013	6094.838482656805	4134.165258447714	2815.8732216918243	5989.985760906056	4163.991604222099	2864.0896589683107	6035.725940377426	0.1659
MNAR	0.3657894736842105	lin	rmse	62.76458028230932	32.28079952344616	81.56994862620311	61.09412315978551	52.33763801749	77.35382254358476	61.09789199004264	52.354780417845376	77.31989469815562	61.47534897716896	52.221559305242465	78.06929587765794	61.15719375457853	52.45124476258218	77.39432513028574	61.39404401150749	52.946242464915194	77.68932980087119	0.1659
MNAR	0.3921052631578947	lin	ev	0.03636174880081433	0.01906990667059802	0.04956305868978039	0.02377424994011218	0.01656278915504858	0.030068154898757082	0.023484863048582827	0.01586057639435931	0.030105211480006305	0.010300806495372372	0.005096742500928508	0.01591879569024396	0.023040401396940646	0.017236764281374606	0.02947820549930255	0.01581490421199915	0.00808522628259456	0.021502110244209977	0.1775
MNAR	0.3921052631578947	lin	mae	20.79898369875264	15.880746181928195	23.842033074086324	19.809867739619616	17.76101036765018	23.535976883720195	19.78885418757565	17.666386135921915	23.573581755584698	20.549760484590063	17.978153992914823	24.502112360454316	19.722886001539614	17.661001085594123	23.31270258684934	19.694526988841478	17.85464890864654	23.305794059368676	0.1775
MNAR	0.3921052631578947	lin	mse	4487.518102909401	1559.2285939150763	6748.7387887875075	4143.758898766389	2837.816947122764	6026.28783809097	4144.42624152151	2839.7719213888095	6017.179436164224	4200.451365291316	2895.0710751389515	6148.605369638355	4147.861825676593	2839.5221159581743	6037.817207616288	4172.374174860464	2867.8225008875843	6059.3772428091015	0.1775
MNAR	0.3921052631578947	lin	rmse	61.76864369548682	38.003054597479036	82.14834639376586	61.23438380704736	52.67144762263182	77.62769745741387	61.24101068442262	52.68958278678061	77.56929547982895	61.65614193166253	53.23529633242624	78.41213489622285	61.262801433641506	52.69595641692594	77.70170712892892	61.46112913624778	52.9770433072105	77.84124727176588	0.1775
MNAR	0.4184210526315789	lin	ev	0.04033805469380845	0.024714491552883078	0.053189324248177794	0.028176651631226613	0.015677480260420568	0.040958760761593827	0.028499531657286536	0.014067870327327231	0.04250439672947853	0.018178013667303393	0.008098332546063375	0.03219644567624602	0.02739387069745347	0.015160499498824365	0.039519358170777896	0.020269267287112758	0.01060076152232381	0.03404062306516861	0.19060000000000002
MNAR	0.4184210526315789	lin	mae	22.99483132042183	14.539948696372583	26.708735476848855	20.023048573360022	17.998292610712397	23.962087412439526	20.04395274061617	17.983809284070247	24.07206777469392	19.964881840763567	18.030965259011325	23.696494892841727	19.967032157977776	18.106828876064306	23.766673072580556	20.229433874480698	17.826220589807093	23.44651015381091	0.19060000000000002
MNAR	0.4184210526315789	lin	mse	5417.150934335006	1408.38929544137	7628.294874402103	4119.150388189131	2830.614218296516	5964.773540196008	4115.838619206477	2827.595896468353	5955.614297508201	4167.167787981365	2853.522980617571	6044.306440337971	4127.008777048155	2834.898060805206	5978.907928117682	4169.705100295487	2850.8188457477645	6033.246675681103	0.19060000000000002
MNAR	0.4184210526315789	lin	rmse	66.53055873525736	34.45305431577813	87.3378331897367	61.0732049335389	52.599990426141574	77.23153251318723	61.05332556281479	52.56754808258984	77.17209990524395	61.411890647548795	52.82236942949673	77.74510805176256	61.12012833550767	52.63982956390792	77.32316467864388	61.40724494250101	52.79230522481552	77.67394812612433	0.19060000000000002
MNAR	0.44473684210526315	lin	ev	0.038074021113995514	0.030890911601065607	0.04510938951537363	0.025635246413057134	0.017125666713532856	0.033570792894259904	0.025475950036425554	0.01638686701349862	0.03311640733628643	0.007677286168263675	-0.009003770372292358	0.02022782890861488	0.024125782019776488	0.01584599498809483	0.03112995065232599	0.013927426343321603	0.004269685723411326	0.025266178377146786	0.1968
MNAR	0.44473684210526315	lin	mae	21.436226976738038	12.326077394589825	24.409928430424362	19.65477714472206	17.8857906710671	23.694618998780836	19.65645366070559	17.907819738943154	23.634949143939068	19.963228574280155	17.782197849666183	23.062302005024932	19.57252603127117	17.887430134085278	23.48729108380807	20.011181388445564	18.314877133276607	23.32865115000221	0.1968
MNAR	0.44473684210526315	lin	mse	4775.8478843227285	758.4162998292466	7135.1262624713145	4145.596337054388	2825.825772078706	5948.473275262274	4146.933488766508	2820.3767591965534	5946.395564146638	4229.654535487969	2907.988854568115	5978.465105185973	4153.712119961051	2825.3572925236094	5971.7583913900435	4198.126790195838	2870.8310383114745	6001.936827336232	0.1968
MNAR	0.44473684210526315	lin	rmse	61.6876975501664	27.493625950390395	84.46598903574935	61.22359514809115	52.53653834604776	77.12579039173433	61.23043164877705	52.482807796721104	77.11238851010488	61.828786160217945	53.285699362742065	77.32009918763279	61.278539119332756	52.543079549866746	77.2765247141568	61.60307433336662	52.929175717585544	77.4717703346652	0.1968
MNAR	0.47105263157894733	lin	ev	0.04233646622684077	0.01942887205475352	0.068414115841685	0.027420226481389566	0.015834389146103495	0.039978889695253456	0.02692461979354157	0.01571465341437414	0.0402166648585795	0.012948058758352532	-0.00034327548865356605	0.026836237121580536	0.024948659778949257	0.015324569519217013	0.034157183733322105	0.015849504998979747	-0.0012552898239003296	0.029007167965543562	0.2061
MNAR	0.47105263157894733	lin	mae	19.554182087045675	11.894497094303038	23.445129126760392	19.745740433155323	17.92946604543772	22.964717517022113	19.68686515511163	17.903669892683695	22.894454451096273	20.140176807741256	18.36169829658545	23.423172762578886	19.777737582479894	17.900612948521072	23.285922960685948	20.22384011233479	18.443179304083692	23.44248784565358	0.2061
MNAR	0.47105263157894733	lin	mse	3430.852630876156	604.8925008334445	6645.088931437702	4128.8685678084175	2818.105234939251	5981.670695465382	4129.919476003758	2827.263525902121	5979.927935545314	4185.488364860145	2901.007093362834	6016.348340403542	4137.106625531457	2853.473556282203	5993.038862879605	4162.348507683486	2844.0901028171684	6025.1126206232975	0.2061
MNAR	0.47105263157894733	lin	rmse	50.218452854296565	24.510011189424624	81.0174700218748	61.126223646015355	52.457112043535005	77.3403457445931	61.137724397856324	52.55925723292134	77.32911080550028	61.56418427708896	53.22331221010408	77.56442914274614	61.197568230448645	52.81054909986636	77.41388086195886	61.41372186679253	52.76911864057503	77.62057286976088	0.2061
MNAR	0.4973684210526315	lin	ev	0.03547951232400019	0.025414560389203866	0.03587831767740421	0.02374139495921791	0.018315838777962418	0.03250891901774372	0.023398362810330964	0.0184310268261679	0.031077867376847146	0.007998014691457478	-0.006096399241694472	0.013738694722343792	0.023357159188363806	0.017525431459179702	0.025491662413973493	0.014344885180903244	0.01101319083761948	0.01962787301054847	0.22799999999999998
MNAR	0.4973684210526315	lin	mae	19.424895483114042	12.926839496454528	24.97759373134485	19.724517642764866	17.878710763152803	22.80230799180562	19.699412309702147	17.890077543523276	22.749355951349035	19.9630774555159	17.930302203055327	23.716362735015544	19.689555066708017	17.948761723657434	22.919573838644652	20.028775297967208	17.892922630983332	24.012304024612174	0.22799999999999998
MNAR	0.4973684210526315	lin	mse	3988.280719696812	866.2494257870364	7691.68845628561	4149.081659015588	2824.814986458986	6059.751298924022	4151.121017305775	2824.963812484437	6066.448225793771	4213.682623876217	2852.4486769605714	6137.332562835094	4154.419666162399	2820.5962675155733	6060.33995305975	4197.322590852259	2851.4116991700166	6101.596470161157	0.22799999999999998
MNAR	0.4973684210526315	lin	rmse	55.84492094590729	29.431795066151402	87.70227090582719	61.26079013299445	52.5583379329869	77.84379454432596	61.27408727347895	52.554564831122846	77.88660738363218	61.73773705114646	52.82133116080229	78.34111334120185	61.28971570785334	52.511534756867675	77.84711763431177	61.593430284559886	52.817358764525835	78.11271152268148	0.22799999999999998
MNAR	0.5236842105263158	lin	ev	0.06020802445650771	0.03517143940408096	0.06967290396219458	0.026933320554866892	0.018681345035812702	0.03527478134004727	0.026370405815325914	0.01819659449818603	0.03422628404475847	0.013262526283662012	0.00871722965372862	0.014969986415183878	0.027482040733603098	0.019561880566438872	0.03263567640598264	0.01927375537983912	0.012152158135354668	0.0243248104981387	0.2392
MNAR	0.5236842105263158	lin	mae	24.121034727414862	15.579924559770927	29.537546248175854	19.89702270630786	17.770538184361087	23.428385774287214	19.84889379521896	17.840137452483447	23.301748751021645	20.02330920694311	17.945288650047676	23.910010873182955	19.955823767020362	17.702140341853426	23.35742964098298	19.978573500472315	18.484924092470397	23.513520401215224	0.2392
MNAR	0.5236842105263158	lin	mse	5254.719947001541	1615.2700388906474	8620.738227903385	4128.312880816657	2841.019010926764	5982.606738939446	4132.310371249003	2838.7308031332113	5985.180977684873	4189.448675358178	2898.3052465567034	6031.502076247083	4127.657345241563	2853.1844898727168	6006.32303774078	4156.144985294892	2877.2428758492565	6041.843462020424	0.2392
MNAR	0.5236842105263158	lin	rmse	65.95957477031882	37.82923082890202	92.84549164357193	61.129467690591824	52.71117531837983	77.34668352571306	61.15424893590648	52.68830777709411	77.363368027166	61.57306311363144	53.281407236710535	77.6626638562389	61.12372193412872	52.8332801549438	77.49923870179188	61.34840396476399	53.064890164166314	77.72720957912989	0.2392
MNAR	0.55	lin	ev	0.05030854353622762	0.03570435096151242	0.056912774245790027	0.023696984739377692	0.012501886012759561	0.03264097266873578	0.02333248987920561	0.01199384369834297	0.03200125040472168	0.0025590214241719587	-0.011768555282863413	0.013071193689346644	0.02499518842764663	0.01417415209055059	0.03410175116463979	0.01249899151036039	0.002685460823786623	0.025553988629544194	0.2485
MNAR	0.55	lin	mae	21.023549496677653	13.383754737010873	32.24029335789978	19.796255076364936	17.6570157879288	23.75961690246028	19.773729318513322	17.736613039474896	23.847504641994174	20.386471146774973	18.840570501556165	24.53961933000494	19.70411996552563	17.63412256274614	23.633439314090538	20.3796115408719	17.85264761105681	23.857764712247864	0.2485
MNAR	0.55	lin	mse	4568.659353330048	801.6283013607215	9506.66547573563	4146.435174235341	2864.258256407962	5918.06373833931	4148.74094479608	2864.10996366729	5936.309740772361	4240.341766824865	2930.2274192999853	6207.939909320781	4147.469765906748	2850.2360410159276	5977.097270232233	4199.4140312527825	2855.3150464564096	6049.150995702481	0.2485
MNAR	0.55	lin	rmse	56.642396306116765	28.309394395181798	97.46933025131648	61.25208372389405	52.95891430678492	76.92867408198813	61.26738299985177	52.95553451855897	77.04697602736225	61.92804219734453	53.61698962704007	78.78441770068856	61.24153288927454	52.81733297657617	77.31028448692844	61.62364233369989	52.848064096491385	77.77455334776639	0.2485
