missing_type	missing_rows_proportion	model	evaluation_metric	drop	drop_lower	drop_upper	mean	mean_lower	mean_upper	median	median_lower	median_upper	random	random_lower	random_upper	regression	regression_lower	regression_upper	stochastic	stochastic_lower	stochastic_upper	missing_cells_proportion
MAR	0.05	lin	ev	0.9999999997446696	0.9999999997413787	0.9999999997478504	0.9863537627305662	0.9853817982134063	0.9871975601424042	0.9863851620480858	0.9853861357565161	0.9872616286865366	0.9770309134794833	0.9756737054641906	0.978410845183112	0.969741524733448	0.967992780866725	0.9713966466722299	0.9697415247089988	0.9679927807832199	0.9713966466985555	0.02464
MAR	0.05	lin	mse	0.965683478520672	0.9572909064634637	0.9747343813538181	51561852.65431948	48008837.13953321	55110851.72441319	51443472.0411499	47975467.657928765	55293782.450763926	86788312.79877056	80740190.68457761	91695378.14631929	114305121.99005674	108406924.0816186	121758817.15026638	114305122.08295783	108406924.15023917	121758817.49286862	0.02464
MAR	0.07631578947368421	lin	ev	0.9999999997445858	0.9999999997410025	0.9999999997483937	0.9786641287238651	0.9774335913152404	0.9800499707005562	0.9787063035573823	0.9774863643373761	0.9801786885740501	0.9667598683737357	0.9645596680410221	0.9688160591048709	0.9540525864630769	0.9509981104298956	0.9566184010602653	0.954052586466245	0.9509981104750593	0.9566184010264381	0.037480000000000006
MAR	0.07631578947368421	lin	mse	0.9658057065735859	0.9557052190423405	0.9767991018418041	80598159.69961007	75395990.97187392	84831363.8953325	80439063.6628332	75069348.41807985	84604432.12693009	125592514.66608483	118358326.14032386	134361526.29645884	173589551.91698793	164210160.77963594	183438863.7099068	173589551.90493557	164210160.80774873	183438863.7053776	0.037480000000000006
MAR	0.10263157894736842	lin	ev	0.9999999997446107	0.9999999997408742	0.9999999997489362	0.9706024376919475	0.968740482435267	0.9728709722574267	0.970687554011992	0.9689024004414245	0.9730375845542804	0.9557938045833886	0.9533995942270371	0.957774338725742	0.9407690337159859	0.9379154679259138	0.9445813044162221	0.940769033724347	0.9379154679109719	0.9445813043896136	0.050120000000000005
MAR	0.10263157894736842	lin	mse	0.965936507323556	0.9568843685436269	0.974840033324978	111085078.72693232	102704493.51520681	116665761.50254688	110764365.63026723	102424113.5332507	116470946.63469024	167030230.47657377	158973282.87925807	175736130.61032972	223775172.31338176	209562752.399589	236379541.09222734	223775172.28191817	209562752.43070948	236379541.11465794	0.050120000000000005
MAR	0.12894736842105264	lin	ev	0.9999999997448866	0.9999999997416134	0.9999999997477009	0.9630944565927162	0.9608593237040602	0.9653335601627031	0.9632276313165185	0.9610680596540037	0.9654484918538866	0.9461432719740092	0.9433664513211313	0.948907657387826	0.9264684701110562	0.9205539155932664	0.9324531164583512	0.9264684701079553	0.9205539155869256	0.9324531164121994	0.06324
MAR	0.12894736842105264	lin	mse	0.9663828902324227	0.9593632946341576	0.9754291517219537	139447447.45207942	130705918.75165355	146500971.95125708	138944768.0333975	130717807.2087558	145808508.62021464	203511404.90742004	193326084.3672969	214713285.65706062	277746551.5682496	255563060.07474613	300962845.926579	277746551.5796091	255563060.12701303	300962845.98237437	0.06324
MAR	0.15526315789473683	lin	ev	0.9999999997442837	0.9999999997393171	0.9999999997477724	0.9549734611662634	0.9528585234857769	0.9574771289143547	0.9551073809362773	0.9528148681314492	0.9576094731710414	0.9363511446700976	0.9332256656481562	0.9399440937867054	0.9111429827718696	0.905775153079556	0.9158168127972739	0.911142982768032	0.9057751530824474	0.9158168127779791	0.07566000000000002
MAR	0.15526315789473683	lin	mse	0.9657111008413527	0.9551954183616091	0.9780504265881731	170141145.47904757	159227512.30485657	177853393.8619465	169635062.91150874	158141144.4311584	177327240.67171216	240514488.3552994	227226504.23281437	253271186.9427197	335716654.5785153	318001355.0647079	354885765.18138105	335716654.59273463	318001354.9927366	354885765.43621784	0.07566000000000002
MAR	0.18157894736842106	lin	ev	0.9999999997445606	0.9999999997412774	0.9999999997486202	0.9466677891804561	0.9446024114427498	0.9490532033621608	0.9467946068556771	0.9446108810113184	0.9492172204265449	0.9249860178936111	0.9227259156898715	0.927520504990764	0.8985166564038835	0.8945840828077984	0.9024222259826746	0.898516656389714	0.8945840828083724	0.9024222260494618	0.08847999999999999
MAR	0.18157894736842106	lin	mse	0.9661110740596428	0.9547346184201951	0.9762906539321676	201524794.13673636	192769622.467533	208399557.8965968	201045633.45624912	191986736.1887189	208638715.05876368	283481809.7536399	271874195.09380054	292277239.71880865	383457246.54810584	367959243.8004403	398983563.31613725	383457246.6016716	367959243.78756124	398983563.2274491	0.08847999999999999
MAR	0.20789473684210524	lin	ev	0.9999999997445024	0.9999999997424365	0.9999999997483551	0.9384629487985631	0.9362009055153994	0.940882040488662	0.9386931395822635	0.9362706943660757	0.9411465294855369	0.9146237729925347	0.9120317795706012	0.9169490747343148	0.8836536718023903	0.8791660945239699	0.8878538136176258	0.883653671814116	0.8791660945311414	0.8878538136128037	0.10150000000000002
MAR	0.20789473684210524	lin	mse	0.9640955944513521	0.9502323926087597	0.9767704885749307	232490340.10680258	225012434.10925457	240602881.3615998	231621674.6206955	224045515.4090058	239172789.19067442	322592723.2710864	313076708.0827627	330557141.1418171	439552603.2138739	426028779.1635454	454935066.71903545	439552603.16984725	426028779.16130936	454935066.6036929	0.10150000000000002
MAR	0.23421052631578948	lin	ev	0.9999999997453454	0.9999999997424365	0.9999999997479174	0.9309031520558035	0.928702845215077	0.9332319654471093	0.931152700822788	0.9292225929975104	0.9334614661084297	0.9054643499138638	0.9030219621674489	0.909263880383485	0.8689941286618837	0.8641311122856332	0.8723565138838051	0.8689941286714629	0.8641311122663494	0.8723565139111711	0.11464000000000006
MAR	0.23421052631578948	lin	mse	0.9632095512775449	0.9525313766174567	0.9730455261776633	261085230.71055546	251349895.81183234	269029594.1881458	260141388.07865202	250507006.09610993	267385021.48217708	357249279.5692992	345918031.2709792	364787208.19676226	494947375.8955721	482377692.04361385	513784711.2642584	494947375.85973686	482377691.8111851	513784711.3078463	0.11464000000000006
MAR	0.26052631578947366	lin	ev	0.9999999997447243	0.9999999997410252	0.999999999749034	0.9229537226557789	0.9207500995284327	0.9251466819454321	0.9232551803120786	0.9211624040596137	0.9250634912285421	0.8948007638643878	0.8911831282350333	0.8991154823601523	0.8567747293759109	0.8519934721716786	0.8611241561463714	0.8567747293741311	0.8519934721640624	0.8611241561488762	0.12775999999999998
MAR	0.26052631578947366	lin	mse	0.9651116576454064	0.9574970931237001	0.975129357171129	291058610.31071573	284483569.42677253	297384639.89870566	289920267.8784604	284084848.3757251	295884595.90511185	397463722.48230344	383709670.43944925	406965341.0376879	541096605.3555108	526720133.28615916	558003724.4001343	541096605.3621998	526720133.44768304	558003724.4325297	0.12775999999999998
MAR	0.2868421052631579	lin	ev	0.9999999997462425	0.9999999997430876	0.9999999997502392	0.9153249094131785	0.9130133179776915	0.9181561905266915	0.915621706542442	0.9132033783148354	0.9184767211455808	0.8841075947121918	0.8805179650582216	0.8870792205427855	0.8422687943268338	0.8378637914008744	0.8463780528217051	0.8422687943103782	0.8378637913942549	0.8463780527382123	0.14036
MAR	0.2868421052631579	lin	mse	0.9593850091543882	0.9492461211335556	0.9683009776875505	319971576.6815116	309596506.6965782	328520419.8067251	318850394.4709451	308064169.56053174	328759404.0155604	437943579.5267418	426927015.97840077	452010324.9420069	595961195.0531143	577029494.7559257	612303646.851621	595961195.1147714	577029494.6770341	612303646.8053241	0.14036
MAR	0.3131578947368421	lin	ev	0.9999999997444597	0.999999999741413	0.9999999997485288	0.9088109603972164	0.9067190689090839	0.9116798540761369	0.9091253380367798	0.906876817597444	0.911574484172001	0.8746919085426778	0.870736751763886	0.8788830845063395	0.8294453440835073	0.8244204578954055	0.8335755298315215	0.82944534408364	0.8244204579023392	0.8335755298487452	0.15253999999999995
MAR	0.3131578947368421	lin	mse	0.9651303182029181	0.9520659392512771	0.9732580612802539	344538368.3067141	335384478.43352807	353233928.4936422	343352331.3037924	334917798.41726327	351001298.6860858	473513041.94149077	457013159.5115075	490765168.49641186	644446232.424478	626772151.472349	664137143.7903814	644446232.424089	626772151.4665565	664137143.7913967	0.15253999999999995
MAR	0.3394736842105263	lin	ev	0.9999999997461175	0.9999999997415531	0.9999999997505534	0.9010532640858413	0.8987820583047539	0.9033172659144442	0.9014241862044267	0.8990032941109267	0.9038278254043892	0.8653911424312918	0.8629566908072605	0.86867289407748	0.8157489117309266	0.81073706662276	0.8206593974543002	0.8157489117173107	0.8107370666455879	0.8206593974601963	0.16641999999999993
MAR	0.3394736842105263	lin	mse	0.9634635117748458	0.9557734146741544	0.9719547505154981	373873941.5745161	365231703.2738467	383966281.37373835	372473140.89693743	363586421.63789594	382390296.3557952	508652420.5981178	498517228.6402764	518112635.79359794	696152019.578622	677159367.8851516	719622281.3930283	696152019.6299723	677159367.914007	719622281.402935	0.16641999999999993
MAR	0.3657894736842105	lin	ev	0.9999999997454929	0.9999999997405293	0.9999999997496289	0.8938235670140595	0.8916691800910939	0.8963493797657591	0.8942036313454413	0.8916144726933136	0.8963587001565431	0.8543957477308513	0.8499381318279196	0.8589349348340946	0.8033710023222177	0.7979170257575813	0.8085627552792101	0.8033710023164029	0.7979170257238349	0.8085627552737733	0.17931999999999998
MAR	0.3657894736842105	lin	mse	0.9633454219562232	0.9478397238791467	0.9785225161766293	401179438.8462517	390500924.6025586	412898758.94283676	399743318.4620437	388728911.9162585	410327546.27654564	550197766.0512782	529741986.0124779	567205478.5767907	742839019.2773731	724679748.9409735	762139377.6970526	742839019.2993847	724679748.9708136	762139377.810487	0.17931999999999998
MAR	0.3921052631578947	lin	ev	0.9999999997476087	0.9999999997440933	0.9999999997519439	0.8876279353977288	0.8839193127789087	0.890618940315751	0.8881405085030505	0.8844994789026793	0.8910273370368044	0.8464170532211287	0.8420356991136754	0.85103306965371	0.7879896244493491	0.7825870993645312	0.7939355099413592	0.7879896244663841	0.7825870993116772	0.7939355099599259	0.19149999999999995
MAR	0.3921052631578947	lin	mse	0.9581737703916395	0.9470819532275397	0.968025896568101	424566115.0567949	412735705.1787797	434399726.41965115	422632493.08141017	411526232.8168149	432063181.0173708	580312740.8303998	565077775.2444328	597964794.1893818	800973151.9423653	773521747.4096512	818052309.2771097	800973151.8783685	773521747.3131425	818052309.2946913	0.19149999999999995
MAR	0.4184210526315789	lin	ev	0.9999999997460809	0.9999999997431563	0.9999999997502067	0.8798842973166634	0.8774432836205679	0.88126188957608	0.8803326502261144	0.8782845036463315	0.8817652250880368	0.8358360777973178	0.8333894056465444	0.8383325223425704	0.7777415103076151	0.7725535373242491	0.7833827368311492	0.777741510314541	0.7725535373074579	0.783382736824737	0.2043400000000001
MAR	0.4184210526315789	lin	mse	0.9608980052758567	0.949757222319362	0.9742310260206761	453883888.91758054	445962752.80589736	465049181.3436032	452188528.9945903	443429923.13906723	463448333.8191552	620417903.2133034	612390825.1326901	632028206.1110737	839839120.1229874	816231956.6931772	860155607.5389818	839839120.0962027	816231956.3890939	860155607.6023965	0.2043400000000001
MAR	0.44473684210526315	lin	ev	0.9999999997466129	0.9999999997435379	0.9999999997506155	0.8733685004009376	0.8711761101521144	0.8758900004394605	0.8739173801565225	0.8717191789305836	0.8763804209254743	0.8263021690668044	0.8236082541657949	0.829478740858698	0.7631351096744627	0.7575279479090188	0.7715774537947138	0.763135109665831	0.7575279478932291	0.7715774537991956	0.21745999999999996
MAR	0.44473684210526315	lin	mse	0.9616152402360673	0.9495603783557429	0.9725531598702447	478490225.83266526	468353183.319093	487522668.23516244	476414719.48711324	466821531.2199187	486264270.89110506	656346049.3251886	643861444.6083121	667649889.8117056	894938879.781923	868632597.995863	923204020.898175	894938879.8146564	868632598.0050157	923204020.9234778	0.21745999999999996
MAR	0.47105263157894733	lin	ev	0.9999999997460374	0.9999999997409987	0.999999999751546	0.8656130965566154	0.8628428832130047	0.8683076421826252	0.8662214986039009	0.8634335003889688	0.869070720546687	0.8161566206365711	0.8116652418152812	0.8207880658915301	0.7501115341489382	0.7451776613523311	0.7545693793400132	0.7501115341472634	0.7451776613959228	0.7545693793430092	0.2306
MAR	0.47105263157894733	lin	mse	0.9617792290424646	0.9476661379522326	0.9780166957125809	507762481.54341567	496447434.39461607	519003675.1614368	505463192.4596605	493743052.7528824	516365662.1762038	694672227.0093663	676678850.573557	712222447.591153	944187409.203107	930609818.0331824	964872505.512332	944187409.2099426	930609818.0080924	964872505.5199972	0.2306
MAR	0.4973684210526315	lin	ev	0.9999999997464069	0.9999999997400266	0.9999999997539508	0.8596907892264887	0.8572501822957086	0.8626309249611382	0.8603100545619465	0.858234439638783	0.8630505991645809	0.8074873169895932	0.8041360943927532	0.8114872043592665	0.7383436254879713	0.7313613339167369	0.74639733736912	0.7383436254975225	0.731361333927617	0.7463973374676758	0.24342
MAR	0.4973684210526315	lin	mse	0.9592102413940622	0.9398388900245126	0.9745158824209198	530144694.64300954	518031204.5325582	538346254.0663997	527806580.39569235	514926204.9667975	535777126.8142497	727430235.2914989	712484245.8883379	741659286.1941899	988533720.129559	959935408.5949634	1014198653.3044991	988533720.0930383	959935408.433754	1014198653.067251	0.24342
MAR	0.5236842105263158	lin	ev	0.9999999997473714	0.9999999997418981	0.9999999997518294	0.8532752804309481	0.8500090580931968	0.8564939697778507	0.853984653884249	0.8506075204730876	0.8575987324169165	0.7969980674344741	0.7930079424523828	0.8010926454537746	0.725712360095218	0.7207231604834945	0.733034355650396	0.7257123601160913	0.7207231605154936	0.733034355676648	0.2558200000000001
MAR	0.5236842105263158	lin	mse	0.956915147520037	0.9415909218777783	0.9702907584024996	554365777.644739	541839589.4948659	566900604.9651555	551683311.7047344	538823527.089703	564821605.5795	767075230.1146306	750016443.3458812	779325913.1890326	1036269311.7243152	1010787845.2933582	1065467508.861218	1036269311.645346	1010787845.3545381	1065467508.3487723	0.2558200000000001
MAR	0.55	lin	ev	0.9999999997470986	0.9999999997407697	0.9999999997537783	0.8463260532412756	0.8440224317341574	0.848786360390793	0.8470509007861038	0.844906652514567	0.8498606557062015	0.7883713862977783	0.7857565909582516	0.7911229172035923	0.7142586984208719	0.7072163352268679	0.7194362347670862	0.714258698418444	0.7072163352412266	0.7194362347976861	0.2687400000000001
MAR	0.55	lin	mse	0.9580271077239978	0.9375652957234447	0.9754063100696335	580633050.6106141	571175158.7462655	590707315.2436211	577896928.7585508	570022242.808001	588761287.6127863	799632321.6175437	790158547.5740721	808766012.6327938	1079593696.2836235	1052824893.7569765	1108118297.0066895	1079593696.2930543	1052824893.8291017	1108118296.9086661	0.2687400000000001
MCAR	0.05	lin	ev	0.99999999974434	0.9999999997411433	0.9999999997472933	0.9873591329402046	0.9864640420772266	0.9881626520769482	0.987357957318416	0.9864580578280943	0.988165837280857	0.9782632942260698	0.9770823825251556	0.9798853978661104	0.9700305936224539	0.9678041891161906	0.972851127798943	0.9700305936052931	0.9678041891328266	0.9728511275500968	0.024480000000000005
MCAR	0.05	lin	mse	0.965525605414103	0.9555172479494075	0.9743219209562417	47764588.873234145	44286300.76345268	51093318.12063414	47769112.56768625	44257134.75609955	51100157.70200074	82128801.31925803	76550840.01851553	87002357.6842701	113236256.5018314	102842810.81582849	121984655.25596529	113236256.56685367	102842810.9211146	121984655.22756854	0.024480000000000005
MCAR	0.07631578947368421	lin	ev	0.9999999997443847	0.9999999997412317	0.9999999997481499	0.9798081761342526	0.9785551296060733	0.9810619378471286	0.9798103127050304	0.978566388956136	0.9810587922619676	0.9684170101948358	0.9669903402420682	0.9700004387367525	0.9554393143847569	0.9529303701123877	0.9590569812469796	0.9554393143877807	0.9529303701218435	0.9590569812494779	0.037339999999999984
MCAR	0.07631578947368421	lin	mse	0.9666019638284711	0.9572803299701633	0.9781245413037513	76298278.63657829	71572980.52269405	80920468.82229063	76290179.67401375	71656042.05576953	80894559.62677044	119348908.55446139	112767718.58578533	124284939.5956933	168342838.9349468	154269318.29000586	178469568.0018221	168342838.92311227	154269318.44016916	178469567.9569288	0.037339999999999984
MCAR	0.10263157894736842	lin	ev	0.9999999997438378	0.9999999997409295	0.9999999997472344	0.9722158062693593	0.9711849668264767	0.9731859538111838	0.9722144826381844	0.9711738820073135	0.9731692781094204	0.958132012194677	0.9564338164431586	0.9596529653475458	0.9412597234765926	0.9383250478653965	0.9447109395870694	0.941259723476709	0.9383250478758837	0.9447109395861011	0.04997999999999998
MCAR	0.10263157894736842	lin	mse	0.9661509432446742	0.957318866609795	0.9737872145865414	104976403.11484522	101499191.57765684	108605029.87761676	104981446.65772945	101559953.72424549	108582782.98255439	158206000.5557961	152263248.2622691	164330563.796961	221904489.59333926	208120675.15502548	233941690.91127667	221904489.59261647	208120675.1050122	233941690.88779047	0.04997999999999998
MCAR	0.12894736842105264	lin	ev	0.9999999997439566	0.9999999997404168	0.9999999997476776	0.9647250019313468	0.963687834733054	0.9662273456999698	0.9647248180131546	0.9636904366418813	0.9662012942562437	0.9488145642435942	0.9468286626953175	0.9508644511608427	0.9260537967343102	0.9231293230575972	0.9300878650318917	0.9260537967367583	0.9231293230396582	0.9300878650622393	0.06294000000000002
MCAR	0.12894736842105264	lin	mse	0.9672727429899315	0.9563424680409136	0.9779114376991371	133240147.38710733	128249818.03012657	136261353.7113109	133241027.20715183	128193169.47061408	136284023.6821444	193353599.59214303	186268592.12665755	200891395.5724163	279382887.73126554	264265846.5064633	290043340.83442426	279382887.7217227	264265846.68531504	290043340.9158887	0.06294000000000002
MCAR	0.15526315789473683	lin	ev	0.999999999744497	0.9999999997419375	0.9999999997484312	0.9572231713187136	0.956079082455032	0.9590600833811658	0.9572170795191695	0.9560751083501298	0.9589796251492608	0.9388516377920757	0.9367354137083908	0.9409177776220515	0.9120209681299646	0.9070728755186843	0.9160618969516624	0.9120209681199168	0.9070728755168442	0.9160618969591582	0.07608000000000001
MCAR	0.15526315789473683	lin	mse	0.9668351281650996	0.9575940717362723	0.9750782265171292	161614142.72001174	155253048.02216887	166820354.84551102	161637300.45391583	155283716.50719625	166863833.81311214	231030948.23898476	222995181.82138768	238870728.2082054	332376680.4960369	317475704.11406696	350741637.0906875	332376680.53430533	317475704.0974248	350741637.32731307	0.07608000000000001
MCAR	0.18157894736842106	lin	ev	0.9999999997440225	0.9999999997395124	0.999999999747581	0.9495692784354857	0.9479037454458388	0.9505711916712813	0.9495656987028123	0.9479076731680933	0.9505636536682267	0.928870649051502	0.9267569662670904	0.9312154451738532	0.8989753884118333	0.8936168365329265	0.9039202120835619	0.8989753884148466	0.8936168363541592	0.9039202120889281	0.08893999999999998
MCAR	0.18157894736842106	lin	mse	0.9667539515113289	0.9520460460942369	0.9798605053108869	190535943.86607447	187207376.03443	196068638.9342765	190549482.46916175	187376072.5418017	196023363.91209057	268729577.0768845	262029851.13936538	276665022.8604615	381710035.0522742	359629125.6935353	399478674.636153	381710035.0408919	359629125.66131777	399478674.45354944	0.08893999999999998
MCAR	0.20789473684210524	lin	ev	0.999999999744438	0.9999999997414815	0.999999999747782	0.9419242759871667	0.9401559623729124	0.9432278384555064	0.9419180247613554	0.9401518934844293	0.9432274965023439	0.9183107273358602	0.9161830808768231	0.9203613894196843	0.8854669400746097	0.8830150072223378	0.8886653141226317	0.8854669400830679	0.883015007213312	0.8886653141369848	0.10162000000000004
MCAR	0.20789473684210524	lin	mse	0.9640940604756953	0.9544760179756236	0.9724311937576642	219413609.47175634	213471328.68986067	227155048.2615894	219437299.63875213	213371650.015131	227134889.74507484	308675721.19979596	298332352.1993531	318306065.11280584	432735513.6197411	421378882.39387727	446076949.5482134	432735513.58780444	421378882.3340931	446076949.27534926	0.10162000000000004
MCAR	0.23421052631578948	lin	ev	0.9999999997446859	0.9999999997414016	0.9999999997474195	0.9350969114101801	0.9337043677803976	0.936842832373584	0.935093074237246	0.9337178595881773	0.9368444316100326	0.9095428511049239	0.9074220966667415	0.9114408950174611	0.87068847958819	0.8665114100906859	0.8759761651781247	0.8706884795760498	0.8665114100764865	0.8759761651170859	0.11464000000000003
MCAR	0.23421052631578948	lin	mse	0.9648406293032417	0.9557135723988531	0.9744373355925813	245234557.04378194	238619004.11599696	252147281.79892498	245249121.28059056	238750224.62436137	252120878.67122674	341789690.6998286	335355485.78424543	350133308.1309028	488586485.5602262	468004363.45391345	506731758.5034343	488586485.60591406	468004363.690392	506731758.8631314	0.11464000000000003
MCAR	0.26052631578947366	lin	ev	0.999999999744389	0.9999999997400291	0.9999999997486214	0.9278499415723832	0.9259961958087259	0.9300905089753828	0.9278500468798074	0.9259955016503529	0.9300865722389946	0.8990153792767731	0.8967016493202176	0.9019774477466092	0.8581674933147047	0.8547301728351779	0.8618008465897832	0.8581674933197424	0.8547301728342989	0.8618008465593292	0.12795999999999996
MCAR	0.26052631578947366	lin	mse	0.9647475109927612	0.9551625235750464	0.973920733247153	272566697.67254806	267257063.80829674	280155718.91857326	272566345.8763589	267242058.63106078	280047310.5839241	381529131.24848646	372754664.97722006	389749724.6296645	535893167.1520947	523065015.4428798	550990537.7727098	535893167.1332463	523065015.3099673	550990537.8224626	0.12795999999999996
MCAR	0.2868421052631579	lin	ev	0.9999999997445396	0.9999999997412645	0.9999999997478222	0.9214952252571865	0.9198976562275615	0.9238365576330371	0.9214985278992409	0.9198970228029015	0.9238354773820623	0.8907799172310409	0.8886707350142995	0.8932158735111686	0.8454551925322488	0.8385036862786499	0.8527887430058959	0.8454551925321633	0.8385036863289765	0.8527887431428514	0.14007999999999998
MCAR	0.2868421052631579	lin	mse	0.9641575541335042	0.951367261653886	0.9754680368531006	296601573.278578	288265429.9159013	302267652.27514124	296589083.18740106	288370455.61644745	302351706.0613446	412676944.90631014	403983028.65803784	422527493.3593068	583871500.1534172	556603745.455478	610394513.809981	583871500.1536545	556603745.4473469	610394513.8264097	0.14007999999999998
MCAR	0.3131578947368421	lin	ev	0.999999999745251	0.9999999997416584	0.9999999997493993	0.9148856265084828	0.9130690818271548	0.9170648089497024	0.9148807366056871	0.913074516881972	0.9170462630749339	0.881301689221393	0.8788003541045138	0.8841362444689916	0.8325357955829606	0.8258910748959529	0.83814401248065	0.8325357955800539	0.8258910749117804	0.8381440124616919	0.15301999999999993
MCAR	0.3131578947368421	lin	mse	0.9645862018910809	0.952950115322229	0.9750622238925171	321592401.216217	314951120.1504516	328316659.5464842	321610700.85255516	314926672.7088694	328228594.2446765	448508131.8758417	436692861.2464008	458777982.7746464	632736753.9281176	614230391.5002207	655386500.0911059	632736753.9391487	614230391.4197446	655386500.1906171	0.15301999999999993
MCAR	0.3394736842105263	lin	ev	0.999999999743993	0.9999999997400916	0.999999999748927	0.9069207707676479	0.905082191005262	0.9082173235212234	0.9069164722047012	0.905070086807886	0.9081865898897441	0.8703433304908824	0.8680122440918292	0.8732237790906945	0.8182478264994205	0.8123012734163928	0.8231309450652423	0.8182478264848598	0.8123012734130269	0.8231309449520949	0.1666
MCAR	0.3394736842105263	lin	mse	0.9638019619766002	0.9517613980488876	0.9726142361986856	351673846.0293856	344760525.2121052	357971478.8937238	351690183.66895676	344887560.6533717	357959393.9329916	489897701.90526193	479944626.28118604	497486603.88259214	686626842.7818558	667859620.6409702	708327382.590197	686626842.8365613	667859620.6887126	708327382.6119915	0.1666
MCAR	0.3657894736842105	lin	ev	0.999999999745139	0.9999999997405666	0.9999999997493265	0.901150568526467	0.8996222994427153	0.9031494901593192	0.9011475055438238	0.8996041615909559	0.9031517970264373	0.8620308836525219	0.859359958757644	0.8643674420659386	0.8052926649298375	0.7987552241569035	0.8110232629657802	0.8052926649309518	0.798755224138046	0.8110232629530045	0.17866000000000004
MCAR	0.3657894736842105	lin	mse	0.9624303329946824	0.9523724762657924	0.9733392925984696	373465138.7654981	366355960.409441	380996375.3581749	373476958.7127792	366380069.5533935	381060072.48522305	521319636.4532892	511478602.5258799	528831282.6853968	735544341.130265	718284202.2277368	757923839.4495351	735544341.1258999	718284202.2232813	757923839.427177	0.17866000000000004
MCAR	0.3921052631578947	lin	ev	0.9999999997463123	0.9999999997433645	0.9999999997499565	0.894832431998685	0.8930528917989411	0.8968767720237254	0.8948285945600127	0.8930289533740706	0.8968745163598588	0.8536956075891966	0.8508318829911656	0.8566676726465614	0.7940547580931699	0.7869829553595934	0.8027200699245349	0.7940547580820713	0.7869829553490555	0.802720069908762	0.19182000000000005
MCAR	0.3921052631578947	lin	mse	0.9595392828597188	0.9477905707746984	0.972331292309848	397369156.59550375	388827451.09156764	405728566.18885237	397383795.3668428	388792101.97127163	405566651.4384666	552822162.8154972	540935691.3653564	563629252.6485168	778107894.3923202	743815116.7652655	805600374.350955	778107894.4346154	743815116.5108563	805600374.4049213	0.19182000000000005
MCAR	0.4184210526315789	lin	ev	0.9999999997462747	0.9999999997417937	0.999999999751483	0.889294188474164	0.8876939910695969	0.8908288423242849	0.8892860402319229	0.8877519193094272	0.8908398148582699	0.8441602939346047	0.8416738628309455	0.8470301277558075	0.7813670243632309	0.7756131170176342	0.7876053837466732	0.7813670243699843	0.7756131170675801	0.7876053837486595	0.20478000000000002
MCAR	0.4184210526315789	lin	mse	0.9585538397343476	0.9442987270054746	0.9683403839006148	418279193.9090383	413019273.33103037	425455797.5208317	418310509.47286874	413083941.2404249	425444402.0340343	588859345.1240776	577476111.7098526	598658897.4961433	825998637.7845676	808927341.5114669	844618926.5001944	825998637.7587955	808927341.5952582	844618926.4141681	0.20478000000000002
MCAR	0.44473684210526315	lin	ev	0.9999999997454984	0.9999999997388138	0.9999999997507443	0.8829074538734751	0.881504174199265	0.8844968335224482	0.8828969169657835	0.8815007898151705	0.8844687893046139	0.8348177959614747	0.8326525671254268	0.8373550971896213	0.7704044164242813	0.7631382218054663	0.776666591084542	0.7704044164002919	0.7631382217605871	0.7766665910961863	0.21723999999999996
MCAR	0.44473684210526315	lin	mse	0.9611719196296472	0.9491294249477843	0.9739363164090791	442425856.1731262	436750945.1926289	448331660.90317655	442465631.10887074	436758932.0452932	448290683.06972855	624140127.943156	612939461.4914253	635460821.4499483	867465693.2072775	844759220.4943742	897122394.8258314	867465693.2979103	844759220.4847735	897122395.1597164	0.21723999999999996
MCAR	0.47105263157894733	lin	ev	0.9999999997446752	0.9999999997380118	0.9999999997506385	0.8767418894116534	0.8746081023745818	0.8794541979017383	0.876732086129511	0.8746042882099426	0.8793949968863075	0.8259334889533527	0.8225884242925829	0.829375853683967	0.7582122956656053	0.7518110143329193	0.764649530932128	0.7582122956629871	0.7518110143349421	0.7646495309319082	0.23071999999999995
MCAR	0.47105263157894733	lin	mse	0.9616574251496934	0.9458273641227597	0.977669915338532	465715355.5363337	456666184.52745163	475531681.9001727	465752526.1226836	456828687.77001226	475477819.44059277	657706667.7099099	647525323.4976873	671282725.4804221	913568369.4847859	887319495.359862	938370843.1898911	913568369.4946977	887319495.4227397	938370843.2070085	0.23071999999999995
MCAR	0.4973684210526315	lin	ev	0.9999999997461612	0.999999999741342	0.9999999997515253	0.8710926852436874	0.8693900805617234	0.8727252755889859	0.8710904580210405	0.869411267706345	0.8727423521248078	0.8166696139271415	0.813839377069536	0.8190643645943215	0.7416485145049164	0.7335388212111664	0.748685440443598	0.7416485145060949	0.7335388212981656	0.7486854404118154	0.24337999999999999
MCAR	0.4973684210526315	lin	mse	0.9553021143660052	0.9403736067772279	0.969116177729361	487057237.018099	480925097.3487609	492632398.41341525	487065767.2745882	480900902.3940907	492595283.7432633	692738133.3644878	684418299.9266331	702041311.1589187	976154235.6487712	955549160.8502114	1005911463.1805589	976154235.6440636	955549160.8993846	1005911463.4797832	0.24337999999999999
MCAR	0.5236842105263158	lin	ev	0.9999999997470189	0.9999999997426917	0.9999999997530964	0.8667211172859314	0.8649064563426244	0.8690414403931417	0.866709651171456	0.8649458460157005	0.8690239135536824	0.8094840122044592	0.8055685065437197	0.8128488946672572	0.7334682034117809	0.7290348617450731	0.7389281001987613	0.7334682034083931	0.7290348617348176	0.7389281002029273	0.2563600000000001
MCAR	0.5236842105263158	lin	mse	0.9554062680117881	0.9407940077207337	0.9651203505949758	503577346.1826596	496917086.7101498	510256121.0519886	503621034.6385185	496926236.8000059	510373648.5109776	719867689.4049536	709417429.1514264	733547983.9357445	1007043797.264056	989622675.4728167	1028711246.417812	1007043797.2769084	989622675.530967	1028711246.4357932	0.2563600000000001
MCAR	0.55	lin	ev	0.9999999997472179	0.9999999997412029	0.9999999997530342	0.8605475598790178	0.8588003396430024	0.8623336004076141	0.8605372658602901	0.8588023895952461	0.8623318150262094	0.8006249458470438	0.7970190496399283	0.8039250822243325	0.7174158576199698	0.7106984977463762	0.724702206238644	0.71741585762387	0.7106984977205764	0.7247022062554055	0.26888000000000006
MCAR	0.55	lin	mse	0.9549922806765103	0.9428363765760804	0.965942834885776	526900432.1588304	521197736.9871687	534291989.1059884	526939540.875885	521175205.82746506	534283012.73441637	753342080.2649012	740209643.3092122	768545323.2663926	1067659272.3066303	1045146229.3890834	1090882305.5445032	1067659272.2923435	1045146229.205338	1090882305.4551296	0.26888000000000006
MNAR	0.05	lin	ev	0.9999999997444516	0.9999999997414007	0.9999999997473231	0.9883021654555989	0.9876768793705302	0.9889921731076584	0.9883151016880017	0.9876847726023641	0.9890094792376973	0.9797627225834346	0.9787309254466131	0.9806437621712203	0.9729610734138763	0.9716304408806432	0.9749154757865675	0.9729610734088875	0.9716304409255783	0.9749154757510858	0.02474
MNAR	0.05	lin	mse	0.9653428838825695	0.9551984783297395	0.9728563780498837	44204078.06173491	41062079.674411006	47024760.599102154	44155266.977948695	40968242.741588235	46937205.843054235	76470528.57143459	72802192.29792988	80402454.82326168	102148426.05914	94391937.1549893	107289603.37765369	102148426.07739834	94391937.2249642	107289602.86257973	0.02474
MNAR	0.07631578947368421	lin	ev	0.9999999997445274	0.9999999997406186	0.9999999997481066	0.9816319477894352	0.9807331899494252	0.9824104135913115	0.981654111521793	0.9807441456839118	0.9824408096913068	0.9708577052087066	0.9698371975649442	0.9719976577408534	0.9594150030304835	0.9566873161644623	0.9615943194885757	0.9594150030312163	0.9566873161769134	0.9615943194707555	0.03721999999999999
MNAR	0.07631578947368421	lin	mse	0.9648330694402756	0.9544020667995772	0.9756683057810341	69411347.54447849	65928300.92715898	72757742.05095306	69327589.40563075	65920912.55354523	72658568.46854025	110120785.69396	105476356.2269854	114225047.34826016	153320607.26420993	145410675.53987515	165047242.3560037	153320607.26164347	145410675.44105506	165047242.14059037	0.03721999999999999
MNAR	0.10263157894736842	lin	ev	0.9999999997442699	0.9999999997406893	0.9999999997475408	0.9745141874467662	0.9734358067030668	0.9755139601053564	0.9745457682162224	0.9734619281374804	0.9755341737264835	0.9610390956761627	0.9593023314529683	0.9628426491313499	0.9466854646828622	0.9434159227442109	0.9492301715321757	0.9466854646884437	0.9434159227260681	0.9492301714977818	0.05031999999999999
MNAR	0.10263157894736842	lin	mse	0.9663404753360143	0.9578451460822137	0.9744465885283526	96298589.15299334	92008019.26752023	100854948.54750729	96179241.826801	91905512.46218339	100765206.19509137	147228898.4965327	139915237.17554587	154990681.6101959	201473292.00033653	191407376.5773437	214778928.48543498	201473291.979099	191407376.63544738	214778928.58185166	0.05031999999999999
MNAR	0.12894736842105264	lin	ev	0.9999999997431297	0.9999999997399717	0.9999999997472877	0.967100044912573	0.9656140824228077	0.968252791836402	0.9671415367429064	0.9656836109351624	0.9683036615281406	0.9511035940525552	0.9496023354554741	0.9526624216796454	0.9333083700146615	0.9309283105541045	0.9365755790378137	0.933308370015782	0.930928310543876	0.9365755790372636	0.06328
MNAR	0.12894736842105264	lin	mse	0.9684610960253685	0.9612947806966063	0.9769963571616436	124315577.3840136	119778406.61368975	128808645.14829682	124158922.12935278	119601366.75286949	128586042.16494918	184766252.90625912	176639338.51386893	192393709.0625316	251936099.88564944	240836280.55566764	260765805.22859877	251936099.881878	240836280.57539582	260765805.2160033	0.06328
MNAR	0.15526315789473683	lin	ev	0.9999999997444026	0.9999999997418081	0.9999999997479782	0.9602127246493722	0.9589210797759531	0.9615934698703306	0.960263962442954	0.9589957206732643	0.9616301392515659	0.9416857535937894	0.9404042492710765	0.9434593520786583	0.9202220227651591	0.9168382319937883	0.9230527402908297	0.9202220227771705	0.916838232035774	0.9230527402926783	0.07582000000000001
MNAR	0.15526315789473683	lin	mse	0.9650173407898224	0.954257107624201	0.976781504142268	150327724.53609547	144564569.72555703	155733717.25191233	150134021.19446975	144417147.18945047	155635209.68907842	220339892.23077688	215201081.36182982	224974103.50256616	301433514.5476475	290838881.25449795	313021917.47366554	301433514.5023362	290838881.18523186	313021916.52277565	0.07582000000000001
MNAR	0.18157894736842106	lin	ev	0.9999999997449494	0.9999999997415343	0.9999999997482286	0.9531742314687901	0.9521906701472556	0.9542996484976755	0.9532428333489442	0.9522378335788536	0.954349022441689	0.9320533094375106	0.9304482582638406	0.9341096197806336	0.9073386814682982	0.9050979639985647	0.9106346716751863	0.9073386814743277	0.9050979640045651	0.9106346717024291	0.08894000000000002
MNAR	0.18157894736842106	lin	mse	0.9642869401609151	0.9527392957897812	0.978009753386984	176906824.3492847	171573001.53103313	181045570.15861312	176647899.16934976	171092672.15293774	180709679.11981106	256726011.9984206	248561338.72513962	263069279.5405666	350096787.6119293	338391130.59413373	361765586.69061637	350096787.589259	338391130.7111885	361765586.6995346	0.08894000000000002
MNAR	0.20789473684210524	lin	ev	0.9999999997450122	0.9999999997398802	0.9999999997485358	0.9468871681102319	0.9453477282215992	0.9483430019398601	0.9469712580994241	0.9453973787780834	0.9484173164388638	0.9233088269261995	0.9215715854364279	0.9248628959385407	0.8943687273023069	0.8908961459800278	0.898296451092742	0.8943687272966446	0.8908961459833229	0.8982964510934862	0.10188000000000004
MNAR	0.20789473684210524	lin	mse	0.9642210472308363	0.9546356063328998	0.9749166466526049	200690332.5276397	193745407.30503643	207595604.54989022	200372701.71554053	193339053.57646826	207358648.5916659	289820372.04481983	282886864.43215114	297666155.03526586	399100182.2091476	382988485.44021755	414454948.36822253	399100182.2305919	382988485.38247305	414454948.3159636	0.10188000000000004
MNAR	0.23421052631578948	lin	ev	0.9999999997451232	0.9999999997403659	0.9999999997493443	0.9396795710176369	0.9380049239903524	0.9412330216190264	0.9397668779347071	0.9381609812803094	0.9413192580250451	0.9142272476497452	0.9118524754085987	0.9159518757530138	0.8820473737148404	0.8790052703187283	0.8856023295115847	0.8820473737050457	0.8790052703338952	0.8856023295201025	0.11466000000000003
MNAR	0.23421052631578948	lin	mse	0.9640193130103571	0.9522426720034883	0.9742768453145905	227905251.77331024	223036803.91216046	233388724.8005495	227575361.24448916	222628072.2951963	233050563.8063469	324087025.869716	317465978.6355361	330150728.5525086	445619893.94722784	431270519.94890183	459734108.9387554	445619893.98418534	431270519.85963935	459734109.0048245	0.11466000000000003
MNAR	0.26052631578947366	lin	ev	0.9999999997442905	0.9999999997401308	0.9999999997484826	0.9331204509214825	0.93189259798012	0.9347174685883758	0.9332261283860497	0.9320298105596518	0.9348501452020297	0.9047519238682286	0.9017757989398874	0.9072878622373386	0.8686498915001144	0.8641345539608232	0.8722347117021474	0.8686498914973514	0.864134554019749	0.8722347117312932	0.12750000000000006
MNAR	0.26052631578947366	lin	mse	0.9638843447006735	0.9538334616935831	0.9792474363917152	252721307.54470393	247027084.22913623	257856770.76574755	252321915.51344162	246661529.83829948	257613284.25347692	359925047.559805	350037348.1047609	372683964.22539234	496305785.48502344	481446720.81828254	509764397.614307	496305785.4955406	481446720.71630055	509764397.3746426	0.12750000000000006
MNAR	0.2868421052631579	lin	ev	0.9999999997448579	0.999999999741276	0.9999999997486653	0.9273267834338283	0.9254553701929652	0.9291278471658474	0.9274482480222744	0.9255754290124747	0.9292570866331294	0.8963548368725275	0.8934994460968783	0.8993673122145283	0.8573954946537158	0.8540614217955429	0.8611801210368649	0.8573954946496817	0.8540614218007945	0.8611801210324987	0.14014000000000001
MNAR	0.2868421052631579	lin	mse	0.9646015688849384	0.9517702491937838	0.9775203443320255	274596770.1647282	268419532.39020866	282852987.3797466	274137681.2506411	267931757.82584196	282273736.32580745	391634646.9647322	381174204.0910057	401791365.7347926	538830997.458319	525417331.63286424	552801934.5855376	538830997.4737217	525417331.6168219	552801934.5804648	0.14014000000000001
MNAR	0.3131578947368421	lin	ev	0.9999999997463391	0.9999999997424734	0.9999999997504028	0.9207393011844739	0.9190554276576126	0.922379350178207	0.920868394462207	0.9191663976458326	0.9224814961038332	0.8868370417494993	0.8837742949167144	0.8898768609649639	0.8448659916432922	0.8406651757359801	0.8510185125150789	0.8448659916392899	0.840665175741076	0.8510185125086538	0.15309999999999996
MNAR	0.3131578947368421	lin	mse	0.9595198290837611	0.9483957158110414	0.9695340780834071	299463629.0516484	294753913.3525258	305247145.2074629	298976037.5726799	294485400.7616076	305061277.5410939	427571386.73147607	416807296.10301006	439440658.52248013	586165819.8815922	562489206.9044785	604946116.0002981	586165819.8967887	562489206.8974094	604946116.06991	0.15309999999999996
MNAR	0.3394736842105263	lin	ev	0.9999999997446924	0.9999999997405302	0.9999999997490884	0.9143476985510521	0.9130809998764274	0.9165167258066613	0.9144918604761252	0.9132577456093303	0.9166549532986288	0.8783388321394257	0.8758006097548633	0.8806908248750099	0.8322328072758498	0.8274362406802804	0.8389588048558695	0.832232807262739	0.8274362406942628	0.8389588048538184	0.16577999999999998
MNAR	0.3394736842105263	lin	mse	0.9663608734191301	0.9564498193197644	0.9747060714623856	323648786.7772566	316766519.9726484	328940849.88950175	323104131.1888205	316240331.474366	328058326.33266866	459727891.29306036	449724189.64658976	468479294.0357564	633860731.8802202	610837767.1127975	652927895.6615784	633860731.9300742	610837767.0948547	652927895.704232	0.16577999999999998
MNAR	0.3657894736842105	lin	ev	0.9999999997462943	0.9999999997420791	0.9999999997497455	0.9080259617232086	0.9059649325566131	0.9098255803703832	0.9081867322839925	0.9061206036336498	0.9099669679601041	0.869340796227074	0.8668370098067779	0.8713870074385877	0.8194232397451359	0.814536454451082	0.8258689132356093	0.8194232397582207	0.814536454457695	0.82586891321263	0.17864000000000002
MNAR	0.3657894736842105	lin	mse	0.9602684534841234	0.9481760585547601	0.9717571516562613	347527311.18375885	339388513.51575214	356681075.71511656	346919939.0708055	339168902.2280863	355862750.1852393	493728773.614006	482387982.66830313	501902588.05859554	682250856.3265346	657678600.0100254	702748229.3341352	682250856.2770759	657678600.1110785	702748229.3675103	0.17864000000000002
MNAR	0.3921052631578947	lin	ev	0.9999999997455672	0.9999999997424852	0.9999999997507839	0.9024478100309161	0.9006983023880027	0.9041665872362153	0.9026320243990713	0.900932600414703	0.9043076100487453	0.8601654841724751	0.8573809259508773	0.8634491746958911	0.8090332944273242	0.8055337115928887	0.813440130566421	0.8090332944173794	0.8055337115939428	0.8134401305199066	0.19104
MNAR	0.3921052631578947	lin	mse	0.961426065567725	0.9506058219385684	0.9753272223509234	368561405.20186144	362312405.85697794	375305573.8110139	367865586.86099124	361724163.43473154	374621882.09872466	528353980.9593832	517035110.422614	541575703.1032109	721469969.6335988	702938074.1735623	735814166.2863195	721469969.6715149	702938074.1155584	735814166.2030777	0.19104
MNAR	0.4184210526315789	lin	ev	0.9999999997466469	0.9999999997425975	0.9999999997510327	0.8959862836589404	0.8940856258226482	0.8974880593656784	0.8961777637577266	0.8943706913507149	0.8976442964111103	0.851194280992255	0.8474757156450853	0.8550208066930993	0.7943073786212635	0.7893091488733588	0.7988151619349118	0.7943073786095519	0.7893091489581006	0.7988151618622205	0.20444000000000007
MNAR	0.4184210526315789	lin	mse	0.9586065190851366	0.946593729799178	0.9675690414077938	393007467.9269551	387652726.7371423	397603255.81241655	392284323.06203765	386585043.99253017	397456854.8376996	562284088.6253273	550243719.6301768	571636596.1825737	777140203.1050518	758143146.9043422	790731062.5895526	777140203.1494774	758143146.8170745	790731063.0110794	0.20444000000000007
MNAR	0.44473684210526315	lin	ev	0.9999999997450638	0.9999999997412241	0.9999999997500943	0.8903305820062344	0.8881088348400366	0.8922559455163768	0.8905586100399333	0.8883157552602665	0.892529595385837	0.8434930725198513	0.8411974677157738	0.8462012309224383	0.7843754568182578	0.7803650161028681	0.7896388074736382	0.7843754568196999	0.7803650160750687	0.7896388073537781	0.21735999999999994
MNAR	0.44473684210526315	lin	mse	0.9625151520593894	0.9482525948345951	0.9771795575045895	414379388.4600324	406352425.9450911	424028737.70783734	413517905.60281104	405430559.35370654	423445621.7268592	591424160.0114156	578305301.603572	602063543.8866841	814673313.6395862	796531445.8892657	832017165.571303	814673313.6339674	796531445.6983453	832017165.4495734	0.21735999999999994
MNAR	0.47105263157894733	lin	ev	0.9999999997471093	0.9999999997427705	0.9999999997514079	0.884397575407063	0.8830460619419186	0.8859377142343747	0.8846281172485848	0.8832981132000307	0.886186831855061	0.8336838813090008	0.8315954476218212	0.8350110251558329	0.7700993178242438	0.7634919679666781	0.7761258355712459	0.7700993178278435	0.7634919679830469	0.7761258355347112	0.23078000000000004
MNAR	0.47105263157894733	lin	mse	0.9572438600678439	0.9403239672733652	0.9693232498719901	436776517.7926399	431658722.04481053	441988586.21098834	435905758.09116673	430776853.9742919	441245921.10721856	628412355.025409	620761007.9153851	633199143.800213	868602610.2835459	847823289.0839274	893354058.3665016	868602610.2699983	847823289.2223244	893354058.4037099	0.23078000000000004
MNAR	0.4973684210526315	lin	ev	0.9999999997463778	0.999999999741521	0.9999999997505156	0.8790467345265348	0.8773407334830982	0.8805271724767387	0.879309608173123	0.8775763012405616	0.8809701580762432	0.8245962973033643	0.8214129928723158	0.8270682041248807	0.7586007555185316	0.752722298495055	0.7637585131314992	0.7586007555142552	0.7527222984968834	0.7637585131447036	0.24352000000000007
MNAR	0.4973684210526315	lin	mse	0.960025206088457	0.9428571968720217	0.9823770810553305	457020303.96165586	447499352.61128604	464960196.64290667	456026181.06152374	446106844.8285994	464359307.0446327	662824529.9893435	648578430.9369912	673750514.8234383	912138426.820131	894139641.0903685	931030097.1005857	912138426.8362937	894139641.1309581	931030097.0447317	0.24352000000000007
MNAR	0.5236842105263158	lin	ev	0.9999999997463849	0.9999999997413412	0.9999999997509346	0.873856312922742	0.8729305074245663	0.8758949821372355	0.874118540116104	0.8729819096829257	0.8760514247130894	0.8159079099570792	0.8129677376077704	0.8189122517322616	0.7474843020685928	0.7414091522037538	0.7540555609829311	0.7474843020712284	0.7414091522015415	0.7540555610027466	0.25646
MNAR	0.5236842105263158	lin	mse	0.9601698881827039	0.9449043781171822	0.9753595516512132	476624113.4736026	468705865.4152583	483896682.8917943	475633550.84222955	467632319.7009882	483175241.09311116	695657310.9808927	680839967.6116189	706861089.0779327	954021858.6265491	932400634.6121593	976766260.7592064	954021858.6164865	932400634.6085694	976766260.7436352	0.25646
MNAR	0.55	lin	ev	0.999999999745387	0.9999999997395628	0.9999999997508672	0.8680775843955247	0.8662157337953477	0.8695818136029572	0.868353013004429	0.8664601502004844	0.8697989266048157	0.8076412665437149	0.8042455215825958	0.8100795679864672	0.7360499868547339	0.730442662351107	0.7413014572805942	0.7360499868604439	0.730442662356283	0.741301457268535	0.2693999999999999
MNAR	0.55	lin	mse	0.9619025505268054	0.9485923257239857	0.9767183431181771	498423914.9264017	490313953.53030074	504252269.3607515	497383184.6702819	489115995.80429673	503038960.7049651	726832599.358932	717506785.606505	738497212.8571892	997204118.2939575	977974828.6112729	1019362428.4508332	997204118.2723128	977974828.6154236	1019362428.3811357	0.2693999999999999
